height,weight,age,drinks,smokes,bp-systolic,bp-diast,tumor_size,temperature,stage,Xaretzi,DXC_Drug,Kras_5,Imfinzi,ADE_2.5,Kras,DXC_Oral,double_lung_infection,id
0.9521208872377844,1.6817017243452017,0.898958834468075,0.9544706071894045,1.3561509080685512,-1.2507058418165362,0.869974474292758,0.0,1.0,1.0,0.0,0.0,0.0,0.0,1.0,0.0,0.0,0.0,2433445420
-1.6134638313528455,1.513667869006682,0.848799319097688,1.5414759006638212,-1.1583439771018158,0.7736966357955064,-0.8887340316899065,1.0,1.0,3.0,0.0,0.0,0.0,0.0,1.0,0.0,0.0,0.0,3366528450
-0.33504960297662706,0.30346973337003225,1.0494373805792359,0.9544706071894045,0.6856189386897866,0.21136261423660568,-0.3024978630290183,1.0,1.0,2.0,0.0,0.0,0.0,0.0,1.0,0.0,0.0,0.0,3532857054
-0.7115688620189384,-0.42270821087850907,-1.3080598418289513,-0.21953997975942907,-0.19445427111984173,0.5112740924013528,-0.3024978630290183,0.0,0.0,2.0,0.0,0.0,0.0,0.0,0.0,0.0,0.0,1.0,1502585609
0.33042629672606183,1.4785254634086433,-0.7563051727546948,0.3674653137149877,-1.6193347060497163,0.5112740924013528,0.869974474292758,1.0,1.0,1.0,0.0,0.0,0.0,1.0,0.0,0.0,0.0,0.0,8376011192
-1.3770447617216273,1.38432019125928,1.2500754420607838,1.5414759006638212,0.6018024425174411,-0.5009271464046686,-0.3024978630290183,1.0,0.0,1.0,1.0,0.0,0.0,0.0,0.0,0.0,0.0,1.0,2826396762
0.9959021964287507,-0.03968552129316632,0.5478422268753662,0.9544706071894045,0.9370684272068234,0.7736966357955064,0.28373830563186986,1.0,1.0,1.0,1.0,0.0,0.0,0.0,0.0,0.0,0.0,1.0,8937854788
0.8295332215030788,0.6416046443763681,0.04624707317149663,-0.8065452732338458,1.5237839004132423,-1.025772233192976,0.28373830563186986,1.0,0.0,3.0,0.0,1.0,0.0,0.0,0.0,0.0,0.0,0.0,2970783163
0.1640573218003892,-1.487907009131656,1.1999159266903967,-1.3935505667082626,0.6437106906036139,1.523475331207374,1.456210642953646,1.0,0.0,1.0,0.0,0.0,1.0,0.0,0.0,0.0,0.0,0.0,9282984001
0.37420760591702806,0.22196297752920355,-0.20455050368043817,-0.8065452732338458,0.5179859463450955,-0.6133939507164488,0.28373830563186986,1.0,1.0,3.0,0.0,0.0,0.0,1.0,0.0,0.0,0.0,0.0,8919655442
1.0571960292961038,0.5019209649824843,0.898958834468075,-1.3935505667082626,1.398059156154724,1.6359421355191544,1.456210642953646,1.0,0.0,2.0,1.0,1.0,0.0,0.0,0.0,0.0,0.0,0.0,4177426342
1.5037653830439608,-1.7474883076247294,-1.65917644942166,0.9544706071894045,0.3922612020865772,1.1485859835014403,-0.8887340316899065,1.0,0.0,1.0,0.0,0.0,0.0,1.0,0.0,0.0,0.0,0.0,1857887468
0.6544079847392131,-0.927695719892338,0.848799319097688,-0.21953997975942907,1.565692148499415,-0.9882832984223826,-0.3024978630290183,0.0,1.0,2.0,0.0,0.0,0.0,0.0,0.0,0.0,1.0,0.0,5285402702
1.10097733848707,-1.4787522648162006,0.848799319097688,-0.8065452732338458,-0.36208726346453285,-0.5009271464046686,1.456210642953646,0.0,1.0,3.0,0.0,0.0,1.0,0.0,0.0,0.0,0.0,0.0,8811911203
0.6368954610628262,-0.9832148144505837,0.4976827115049793,-1.3935505667082626,0.8532519310344778,1.0361191791896602,0.28373830563186986,1.0,1.0,1.0,0.0,0.0,0.0,0.0,0.0,1.0,0.0,0.0,5527729282
0.42674517694618813,1.1276920360937728,-0.20455050368043817,0.9544706071894045,-1.325976969446507,-0.38846034209288843,0.869974474292758,1.0,1.0,2.0,1.0,0.0,0.0,0.0,1.0,0.0,0.0,0.0,5819064435
-0.7641064330480978,-0.025215118988091628,1.2500754420607838,-1.3935505667082626,1.3561509080685512,-1.1007501027341628,-1.4749702003507945,1.0,0.0,2.0,0.0,0.0,0.0,0.0,0.0,0.0,1.0,0.0,1779012357
-0.9917692408411228,-0.055927809594780616,1.2500754420607838,1.5414759006638212,-1.5774264579635435,0.8486745053366932,-0.8887340316899065,1.0,0.0,2.0,1.0,0.0,1.0,0.0,0.0,0.0,0.0,0.0,4725933621
0.0064446087129104756,0.5028069079807542,-1.3582193571993384,0.9544706071894045,0.7275271867759594,1.1860749182720336,-0.8887340316899065,0.0,1.0,1.0,1.0,0.0,0.0,0.0,0.0,0.0,1.0,0.0,6532631067
-1.298238405177888,1.5644619342408217,-0.9067837188658556,-1.3935505667082626,-0.4039955115507056,-1.2881947765871296,-0.8887340316899065,1.0,1.0,1.0,1.0,0.0,1.0,0.0,0.0,0.0,0.0,0.0,9221773212
0.7157018176065656,0.9324892621416436,-1.6090169340512732,-1.3935505667082626,-0.6973532481539151,-1.4006615808989098,0.28373830563186986,0.0,0.0,3.0,0.0,0.0,1.0,0.0,0.0,0.0,0.0,0.0,5452621067
-0.6765438146661653,-0.3571484290065383,-1.0071027496066296,0.9544706071894045,0.8951601791206506,1.523475331207374,-0.3024978630290183,0.0,0.0,3.0,0.0,0.0,0.0,0.0,1.0,0.0,0.0,0.0,2685784564
0.2341074165059355,1.1702173000107268,-0.003912442198890332,-1.3935505667082626,-1.6193347060497163,0.9611413096484733,1.456210642953646,1.0,1.0,2.0,1.0,0.0,1.0,0.0,0.0,0.0,0.0,0.0,126508369
1.4424715501766077,1.225441080236216,-0.1543909883100512,0.9544706071894045,-1.3678852175326797,-0.6883718202576355,-0.8887340316899065,0.0,1.0,2.0,1.0,0.0,0.0,0.0,0.0,0.0,1.0,0.0,9843947595
0.7244580794447594,1.0975699741525973,-0.7563051727546948,-1.3935505667082626,-1.493609961791198,0.6987187662543197,-1.4749702003507945,0.0,1.0,2.0,1.0,0.0,0.0,0.0,1.0,0.0,0.0,0.0,167050514
1.1622711713544234,-0.7088677993196788,-0.7061456573843078,0.9544706071894045,0.7275271867759594,-0.42594927686348183,-0.3024978630290183,0.0,0.0,2.0,1.0,0.0,0.0,0.0,1.0,0.0,0.0,0.0,7176857350
-0.019824176801669573,0.26980389943577693,-0.054071957569277296,0.9544706071894045,-0.6554450000677423,0.4737851576307594,-0.3024978630290183,0.0,1.0,1.0,1.0,0.0,0.0,0.0,1.0,0.0,0.0,0.0,6793063869
1.1535149095162294,0.1611282249813387,0.5478422268753662,-0.8065452732338458,0.8113436829483051,-1.0632611679635693,-0.8887340316899065,1.0,1.0,3.0,1.0,0.0,0.0,0.0,0.0,0.0,0.0,1.0,505093564
1.0834648148106838,1.1439343243953872,1.6513515650238795,1.5414759006638212,1.5237839004132423,-0.2385046030105149,0.28373830563186986,1.0,0.0,3.0,0.0,0.0,0.0,1.0,0.0,0.0,0.0,0.0,8400434778
-1.0618193355466692,0.305241619366572,-1.0071027496066296,0.9544706071894045,0.3084447059142316,1.3360306573544072,-1.4749702003507945,1.0,1.0,3.0,1.0,1.0,0.0,0.0,0.0,0.0,0.0,0.0,2588651385
0.7945081741503057,0.3504247122783357,-0.20455050368043817,1.5414759006638212,0.6856189386897866,0.7362077010249131,0.869974474292758,0.0,0.0,2.0,1.0,1.0,0.0,0.0,0.0,0.0,0.0,0.0,1457947800
-0.037336700478055755,1.047071223251214,0.34720416539381843,0.3674653137149877,0.5179859463450955,-0.6133939507164488,0.28373830563186986,0.0,1.0,3.0,0.0,0.0,0.0,0.0,0.0,0.0,0.0,1.0,3535295994
-0.597737458122426,1.661620349717751,0.0964065885418836,-0.21953997975942907,-0.6554450000677423,-1.2132169070459429,0.869974474292758,1.0,0.0,3.0,0.0,0.0,0.0,0.0,0.0,1.0,0.0,0.0,4576862129
-0.1686806280509552,0.5990793804594137,0.4976827115049793,-0.21953997975942907,-0.5716285038953968,-0.16352673346932814,-0.3024978630290183,0.0,1.0,3.0,1.0,0.0,0.0,0.0,1.0,0.0,0.0,0.0,6759874427
1.6788906198078264,-1.331095098437888,-1.0572622649770165,1.5414759006638212,0.05699521739719496,-0.4634382116340752,-0.8887340316899065,1.0,0.0,3.0,1.0,0.0,0.0,0.0,0.0,0.0,0.0,1.0,5379329244
1.0309272437815238,-0.22218977893676065,-1.65917644942166,-0.8065452732338458,0.8951601791206506,0.023917940383638776,-0.8887340316899065,0.0,1.0,1.0,1.0,0.0,0.0,0.0,0.0,0.0,1.0,0.0,5777884881
0.4092326532698012,0.3524919126076319,0.29704465002343144,-1.3935505667082626,0.8113436829483051,0.436296222860166,0.869974474292758,0.0,0.0,3.0,0.0,0.0,0.0,0.0,0.0,0.0,1.0,0.0,9528941616
0.8558020070176581,0.3418605966283934,-0.054071957569277296,-0.21953997975942907,-1.5774264579635435,0.8111855705660999,1.456210642953646,0.0,1.0,1.0,1.0,0.0,0.0,1.0,0.0,0.0,0.0,0.0,8444128108
0.7069455557683725,-0.5216385123519786,-1.4585383879401121,0.3674653137149877,-1.6193347060497163,-1.1007501027341628,1.456210642953646,0.0,1.0,2.0,1.0,0.0,0.0,0.0,0.0,0.0,1.0,0.0,5363279565
0.4530139624607674,0.788080553423654,0.39736368076420536,0.3674653137149877,0.6018024425174411,0.8486745053366932,-0.8887340316899065,1.0,0.0,2.0,0.0,0.0,0.0,0.0,0.0,0.0,1.0,0.0,4473857007
1.2410775278981627,0.8763795389178848,-0.5556671112731469,0.3674653137149877,-1.1583439771018158,-0.12603779869873477,0.28373830563186986,0.0,1.0,3.0,1.0,1.0,0.0,0.0,0.0,0.0,0.0,0.0,4292879930
1.4950091212057677,-0.8272888467550856,1.6011920496534924,0.3674653137149877,0.6018024425174411,-1.4756394504400965,-0.3024978630290183,0.0,0.0,3.0,0.0,0.0,1.0,0.0,0.0,0.0,0.0,0.0,1345252115
0.7332143412829525,-0.5496933739638578,1.1497564113200098,-0.8065452732338458,0.8113436829483051,0.6987187662543197,1.456210642953646,1.0,0.0,1.0,0.0,0.0,0.0,0.0,0.0,0.0,1.0,0.0,388740558
-1.4996324274563329,0.44846907075353504,0.19672561928265753,0.9544706071894045,1.5237839004132423,-0.2759935377811083,0.28373830563186986,0.0,1.0,2.0,0.0,0.0,0.0,0.0,1.0,0.0,0.0,0.0,72683925
-0.6940563383425515,-0.15249559640619711,-1.0572622649770165,-1.3935505667082626,0.7275271867759594,1.1485859835014403,-0.3024978630290183,0.0,0.0,1.0,0.0,0.0,1.0,0.0,0.0,0.0,0.0,0.0,7894593027
-0.7203251238571315,-0.26028532786236525,-0.6559861420139208,0.9544706071894045,-0.4878120077230512,0.17387367946601232,-1.4749702003507945,1.0,0.0,1.0,0.0,0.0,0.0,0.0,0.0,0.0,1.0,0.0,1512067893
-0.9830129790029297,-1.079782601262,0.04624707317149663,0.9544706071894045,-0.7811697443262606,-0.20101566823992154,-0.8887340316899065,1.0,1.0,2.0,0.0,0.0,0.0,0.0,0.0,1.0,0.0,0.0,1377713283
-0.9742567171647366,0.8173166723665597,0.949118349838462,-0.21953997975942907,-0.2782707672921873,-1.4756394504400965,-0.8887340316899065,1.0,0.0,3.0,1.0,0.0,0.0,0.0,1.0,0.0,0.0,0.0,211364288
-0.2825120319474677,0.8179073010320732,-1.6090169340512732,-0.21953997975942907,-0.7811697443262606,0.21136261423660568,0.28373830563186986,0.0,1.0,2.0,1.0,0.0,0.0,1.0,0.0,0.0,0.0,0.0,1554910400
1.3724214554710614,1.443383057810605,0.7484802883569142,-0.8065452732338458,1.4399674042408968,1.1860749182720336,0.869974474292758,0.0,0.0,1.0,1.0,0.0,0.0,0.0,0.0,1.0,0.0,0.0,9246194058
0.26037620202051553,0.23731932283254792,1.8018301111350403,-0.21953997975942907,-0.15254602303366896,-0.8008386245694157,-0.8887340316899065,0.0,0.0,2.0,1.0,0.0,1.0,0.0,0.0,0.0,0.0,0.0,8895790311
-0.20370567540372836,-1.4713694064972849,-0.7563051727546948,0.3674653137149877,-0.4039955115507056,-0.8008386245694157,-0.3024978630290183,1.0,0.0,1.0,0.0,0.0,0.0,0.0,0.0,0.0,1.0,0.0,3772654216
1.2498337897363558,-0.8943252002908394,-0.6058266266435339,-0.8065452732338458,-0.9068944885847791,-0.8758164941106025,-0.3024978630290183,1.0,0.0,3.0,0.0,0.0,1.0,0.0,0.0,0.0,0.0,0.0,4281265752
0.0064446087129104756,-1.4061049389580706,-0.6058266266435339,0.9544706071894045,-0.6554450000677423,-1.3256837113577231,-0.8887340316899065,1.0,0.0,2.0,1.0,1.0,0.0,0.0,0.0,0.0,0.0,0.0,4414342885
0.26913246385870865,1.3919983639109526,-0.25471001905082513,1.5414759006638212,0.6018024425174411,1.411008526895594,-0.8887340316899065,0.0,0.0,1.0,0.0,0.0,1.0,0.0,0.0,0.0,0.0,0.0,2704828012
1.6263530487786664,-1.1196500361841442,-1.4585383879401121,-1.3935505667082626,-1.5355182098773708,-1.1382390375047562,-0.8887340316899065,1.0,0.0,3.0,1.0,0.0,1.0,0.0,0.0,0.0,0.0,0.0,7416191651
-1.0618193355466692,-0.6622081347441321,-0.35502904979159905,0.3674653137149877,-1.2002522251879886,-0.38846034209288843,-1.4749702003507945,1.0,1.0,2.0,0.0,0.0,0.0,0.0,0.0,1.0,0.0,0.0,4653385099
-0.9392316698119635,0.9457784071156918,-1.2579003264585644,0.3674653137149877,1.6076003965855878,0.17387367946601232,0.869974474292758,0.0,0.0,1.0,1.0,0.0,0.0,0.0,0.0,0.0,0.0,1.0,3089135162
-0.3087808174620478,0.26891795643750704,1.8018301111350403,-1.3935505667082626,0.7275271867759594,-1.62559518952247,-1.4749702003507945,0.0,1.0,3.0,1.0,0.0,0.0,1.0,0.0,0.0,0.0,0.0,2910969009
0.19908236915316235,0.5973074944628743,-0.455348080532373,-1.3935505667082626,-1.5355182098773708,1.6359421355191544,-0.8887340316899065,1.0,1.0,1.0,1.0,1.0,0.0,0.0,0.0,0.0,0.0,0.0,9778953887
0.0064446087129104756,0.5078272516376169,-0.35502904979159905,-0.21953997975942907,-0.9907109847571246,-1.5881062547518767,-0.8887340316899065,1.0,0.0,1.0,1.0,0.0,0.0,0.0,1.0,0.0,0.0,0.0,6488226976
-1.3507759762070473,0.15315473799690993,0.898958834468075,0.9544706071894045,-1.2421604732741613,0.6237408967131329,0.869974474292758,0.0,0.0,2.0,0.0,0.0,0.0,0.0,0.0,1.0,0.0,0.0,6249223457
1.573815477749507,-1.3993127093046684,-0.054071957569277296,0.3674653137149877,1.4818756523270695,1.111097048730847,0.869974474292758,1.0,1.0,1.0,0.0,0.0,1.0,0.0,0.0,0.0,0.0,0.0,5886261756
0.15530105996219612,0.7874899247581408,0.9992778652088489,0.3674653137149877,-0.7392614962400879,1.6359421355191544,0.869974474292758,0.0,1.0,2.0,1.0,0.0,0.0,0.0,1.0,0.0,0.0,0.0,4388336326
0.3129137730496749,-1.4320926002406538,0.4976827115049793,-0.8065452732338458,0.6018024425174411,1.111097048730847,-1.4749702003507945,0.0,0.0,1.0,0.0,0.0,1.0,0.0,0.0,0.0,0.0,0.0,9669977603
-0.028580438639862663,1.2407974255395602,0.04624707317149663,-0.21953997975942907,1.4399674042408968,0.5112740924013528,-0.3024978630290183,1.0,1.0,3.0,0.0,0.0,0.0,1.0,0.0,0.0,0.0,0.0,6733089414
1.319883884441902,1.4365908281572026,-0.455348080532373,-1.3935505667082626,-0.4878120077230512,-0.08854886392814137,-1.4749702003507945,1.0,0.0,3.0,0.0,0.0,0.0,0.0,0.0,0.0,1.0,0.0,3456395913
-1.7097827115729718,-1.142684554139161,0.04624707317149663,0.3674653137149877,0.3084447059142316,0.3238294185483859,-0.3024978630290183,0.0,0.0,2.0,1.0,0.0,0.0,1.0,0.0,0.0,0.0,0.0,4650838592
-1.1231131684140223,0.3132151063510008,0.24688513465304449,1.5414759006638212,0.05699521739719496,-0.5009271464046686,-1.4749702003507945,1.0,0.0,2.0,0.0,1.0,0.0,0.0,0.0,0.0,0.0,0.0,4152644208
1.10097733848707,1.0080897313273398,1.2500754420607838,-0.21953997975942907,1.398059156154724,-0.6883718202576355,-0.8887340316899065,0.0,0.0,1.0,0.0,0.0,0.0,0.0,0.0,0.0,0.0,1.0,5433665196
-0.8866940987828034,0.6049856671145463,0.9992778652088489,-1.3935505667082626,-1.2002522251879886,0.436296222860166,-0.3024978630290183,0.0,0.0,3.0,1.0,1.0,0.0,0.0,0.0,0.0,0.0,0.0,7647731864
-1.3682884998834342,0.6035090954507633,-0.003912442198890332,-1.3935505667082626,-0.2363625192060145,1.523475331207374,1.456210642953646,0.0,1.0,3.0,0.0,0.0,0.0,0.0,0.0,0.0,1.0,0.0,8332020392
-1.4908761656181397,0.5559634878769466,-1.3582193571993384,0.3674653137149877,-0.6554450000677423,-1.0632611679635693,-1.4749702003507945,1.0,1.0,3.0,0.0,0.0,1.0,0.0,0.0,0.0,0.0,0.0,4242599078
-0.9917692408411228,-1.237185140621281,-1.3582193571993384,-0.21953997975942907,-0.6973532481539151,-0.38846034209288843,0.28373830563186986,0.0,0.0,1.0,0.0,0.0,0.0,1.0,0.0,0.0,0.0,0.0,9266393057
-0.8954503606209973,-1.0077259040693836,1.2500754420607838,-0.21953997975942907,1.2723344118962057,-1.3256837113577231,1.456210642953646,1.0,1.0,2.0,1.0,0.0,0.0,0.0,0.0,0.0,0.0,1.0,2188906660
0.5843578900336669,-0.026101061986361536,0.5478422268753662,-0.21953997975942907,-0.4878120077230512,-0.8758164941106025,0.28373830563186986,1.0,0.0,2.0,1.0,0.0,0.0,0.0,0.0,1.0,0.0,0.0,2629763700
0.2778887256969017,-1.0555668259759567,-0.9067837188658556,1.5414759006638212,-0.6973532481539151,0.5862519619425395,-0.3024978630290183,0.0,1.0,3.0,0.0,1.0,0.0,0.0,0.0,0.0,0.0,0.0,7698887975
-0.08987427150721584,1.6994205843105992,-0.003912442198890332,-1.3935505667082626,-0.7811697443262606,1.111097048730847,-0.3024978630290183,0.0,0.0,1.0,0.0,0.0,0.0,0.0,1.0,0.0,0.0,0.0,9818739111
-1.534657474809106,-0.9950273877608484,0.04624707317149663,0.9544706071894045,0.05699521739719496,-0.838327559340009,0.869974474292758,0.0,0.0,1.0,1.0,0.0,0.0,0.0,0.0,0.0,1.0,0.0,9282156074
0.8558020070176581,1.2325286242223747,1.1497564113200098,1.5414759006638212,-1.2421604732741613,1.5984532007485608,-0.3024978630290183,0.0,0.0,3.0,0.0,0.0,0.0,0.0,0.0,0.0,1.0,0.0,9646376682
-1.4295823327507866,0.6888549376174279,0.6481612576161402,-0.21953997975942907,-1.325976969446507,0.5487630271719461,-0.3024978630290183,0.0,1.0,3.0,1.0,0.0,1.0,0.0,0.0,0.0,0.0,0.0,8108609579
-0.3087808174620478,-1.7876510568796304,-0.8064646881250818,0.3674653137149877,1.3561509080685512,1.2610527878132205,-0.3024978630290183,0.0,1.0,3.0,1.0,0.0,0.0,0.0,0.0,0.0,1.0,0.0,2858287571
-1.4646073801035597,0.2765961290891794,-0.6559861420139208,-0.8065452732338458,1.3142426599823784,0.3238294185483859,0.28373830563186986,0.0,0.0,1.0,0.0,0.0,0.0,0.0,1.0,0.0,0.0,0.0,5614197018
1.3636651936328683,0.14636250834350745,-0.9569432342362426,-0.21953997975942907,-1.6193347060497163,-1.3631726461283165,-0.8887340316899065,1.0,1.0,1.0,1.0,0.0,0.0,0.0,1.0,0.0,0.0,0.0,4979027971
0.15530105996219612,0.39117809019874983,1.5008730189127186,1.5414759006638212,1.5237839004132423,0.023917940383638776,-0.8887340316899065,0.0,1.0,1.0,0.0,1.0,0.0,0.0,0.0,0.0,0.0,0.0,3046010310
0.33042629672606183,-1.2300975966351222,-1.0071027496066296,0.9544706071894045,0.8113436829483051,-0.05105992915754799,1.456210642953646,0.0,0.0,3.0,1.0,0.0,0.0,1.0,0.0,0.0,0.0,0.0,6941873509
1.5825717395877001,-1.0139275050572725,-0.7563051727546948,-0.8065452732338458,-0.9907109847571246,-1.5881062547518767,-0.3024978630290183,1.0,1.0,1.0,0.0,0.0,0.0,0.0,1.0,0.0,0.0,0.0,633650510
1.2410775278981627,1.3382511553492464,0.9992778652088489,-0.8065452732338458,-0.4878120077230512,1.2235638530426272,-0.3024978630290183,0.0,1.0,3.0,1.0,0.0,0.0,0.0,0.0,1.0,0.0,0.0,1097660282
0.8908270543704313,0.8734263955903186,-0.6559861420139208,1.5414759006638212,0.26653645782805885,1.5984532007485608,-0.3024978630290183,1.0,1.0,2.0,0.0,0.0,0.0,1.0,0.0,0.0,0.0,0.0,1959333610
0.15530105996219612,-1.635268861177212,-0.10423147293966425,-0.8065452732338458,0.22462820974188608,0.5112740924013528,-0.8887340316899065,1.0,0.0,3.0,1.0,1.0,0.0,0.0,0.0,0.0,0.0,0.0,3433799785
-0.553956148931459,1.007794416994583,-0.9067837188658556,0.3674653137149877,0.8951601791206506,-1.51312838521069,-0.3024978630290183,0.0,0.0,2.0,0.0,1.0,0.0,0.0,0.0,0.0,0.0,0.0,9557625669
-1.053063073708476,-0.8627265666858804,-1.5086979033104992,-0.8065452732338458,-0.4039955115507056,-1.0632611679635693,-0.3024978630290183,1.0,1.0,3.0,1.0,0.0,0.0,0.0,1.0,0.0,0.0,0.0,668991003
-0.6064937199606191,-0.3016293344482927,1.5008730189127186,0.3674653137149877,1.1466096676376873,1.111097048730847,-0.3024978630290183,1.0,1.0,1.0,1.0,1.0,0.0,0.0,0.0,0.0,0.0,0.0,4911651112
-0.8341565277536441,1.0323055066133828,1.3503944728015576,1.5414759006638212,0.6018024425174411,-0.16352673346932814,-1.4749702003507945,0.0,0.0,2.0,1.0,1.0,0.0,0.0,0.0,0.0,0.0,0.0,3419202534
-0.7641064330480978,0.5819511491595295,-0.455348080532373,-0.8065452732338458,-1.5774264579635435,-0.7258607550282289,-1.4749702003507945,0.0,0.0,1.0,1.0,0.0,0.0,0.0,0.0,1.0,0.0,0.0,7824834535
-1.1668944776049885,0.8309011316733647,1.8018301111350403,0.3674653137149877,-1.6193347060497163,0.5862519619425395,0.28373830563186986,0.0,0.0,3.0,1.0,0.0,0.0,1.0,0.0,0.0,0.0,0.0,9155249887
1.1360023858398431,1.382843619595497,0.14656610391227057,-1.3935505667082626,-0.8649862404986062,1.523475331207374,1.456210642953646,0.0,1.0,1.0,0.0,0.0,0.0,0.0,0.0,1.0,0.0,0.0,1933303289
1.065952291134297,0.4780005040291976,0.798639803727301,0.3674653137149877,-1.07452748092947,-0.3134824725517017,0.869974474292758,0.0,0.0,1.0,0.0,1.0,0.0,0.0,0.0,0.0,0.0,0.0,3506336554
-0.5889811962842321,-0.8060262147966084,1.3503944728015576,0.3674653137149877,0.3922612020865772,-1.3256837113577231,0.869974474292758,0.0,1.0,1.0,0.0,0.0,0.0,0.0,0.0,1.0,0.0,0.0,2357906113
-0.6677875528279714,1.1129263194559416,-1.1074217803474036,-0.8065452732338458,-0.5716285038953968,-0.838327559340009,0.869974474292758,0.0,1.0,3.0,0.0,0.0,0.0,0.0,0.0,1.0,0.0,0.0,8534789199
-1.1231131684140223,0.3170541926768368,0.848799319097688,-1.3935505667082626,-1.3678852175326797,-0.9507943636517892,-1.4749702003507945,1.0,0.0,3.0,1.0,0.0,0.0,0.0,1.0,0.0,0.0,0.0,4122009035
0.9433646253995913,1.62057165746458,-0.5556671112731469,0.9544706071894045,1.3142426599823784,-1.1007501027341628,0.28373830563186986,1.0,1.0,1.0,0.0,0.0,0.0,1.0,0.0,0.0,0.0,0.0,6127179083
0.13778853628580995,0.31853076434061983,-1.3080598418289513,0.3674653137149877,-1.3678852175326797,0.5862519619425395,-0.3024978630290183,1.0,0.0,2.0,1.0,0.0,0.0,0.0,0.0,0.0,1.0,0.0,3997979334
-0.3087808174620478,-1.0044774464090607,-1.1575812957177904,-0.8065452732338458,0.7275271867759594,1.4859863964367808,-0.8887340316899065,1.0,1.0,1.0,1.0,0.0,0.0,0.0,0.0,0.0,1.0,0.0,3895512661
1.2148087423835825,0.7183863708930904,0.19672561928265753,0.9544706071894045,1.1047014195515146,-1.4006615808989098,0.28373830563186986,1.0,1.0,2.0,0.0,0.0,0.0,1.0,0.0,0.0,0.0,0.0,2776794871
0.09400722709484294,-0.5331557713294869,1.4507135035423315,0.9544706071894045,0.8532519310344778,-0.12603779869873477,-1.4749702003507945,1.0,1.0,3.0,1.0,1.0,0.0,0.0,0.0,0.0,0.0,0.0,2274139141
1.7401844526751797,-1.7643212245918571,1.4005539881719447,0.3674653137149877,-1.661242954135889,-0.5759050159458554,1.456210642953646,0.0,1.0,3.0,1.0,1.0,0.0,0.0,0.0,0.0,0.0,0.0,3699565110
-1.6835139260583918,1.6323842307748453,-0.455348080532373,0.3674653137149877,-0.026821278775150604,0.17387367946601232,-0.3024978630290183,0.0,1.0,1.0,1.0,0.0,0.0,0.0,0.0,1.0,0.0,0.0,355668169
-0.5276873634168797,-0.8833985699788444,-1.3582193571993384,-1.3935505667082626,0.9370684272068234,0.06140687515423216,0.869974474292758,1.0,1.0,2.0,1.0,0.0,0.0,1.0,0.0,0.0,0.0,0.0,7929994506
1.573815477749507,-0.16046908339062588,0.798639803727301,0.9544706071894045,-1.5355182098773708,-1.6630841242930634,0.28373830563186986,0.0,0.0,1.0,1.0,0.0,0.0,1.0,0.0,0.0,0.0,0.0,3055452425
0.30415751121148177,-0.5869029798911927,0.24688513465304449,0.9544706071894045,1.020884923379169,-1.3631726461283165,0.869974474292758,1.0,0.0,3.0,0.0,0.0,0.0,0.0,0.0,1.0,0.0,0.0,8416644045
-0.4138559595203664,0.10324661576104036,0.7484802883569142,0.9544706071894045,0.35035295400040445,1.0736081139602536,-0.3024978630290183,1.0,0.0,1.0,0.0,0.0,0.0,0.0,0.0,0.0,0.0,1.0,2203949278
-0.22997446091830762,-1.5983545695826338,-0.8064646881250818,0.9544706071894045,-1.493609961791198,-1.5881062547518767,0.869974474292758,0.0,1.0,3.0,1.0,0.0,1.0,0.0,0.0,0.0,0.0,0.0,2885004497
-0.21246193724192144,1.3187604093873093,-1.5588574186808861,-1.3935505667082626,-0.6973532481539151,-0.08854886392814137,-1.4749702003507945,1.0,0.0,2.0,0.0,0.0,1.0,0.0,0.0,0.0,0.0,0.0,4636650070
-0.6502750291515853,0.6755657926433797,-0.6559861420139208,-1.3935505667082626,0.26653645782805885,-0.35097140732229504,-1.4749702003507945,1.0,0.0,1.0,0.0,0.0,0.0,0.0,1.0,0.0,0.0,0.0,9760553563
0.023957132389297434,-0.7197944296316741,1.1497564113200098,-0.8065452732338458,-0.36208726346453285,1.5609642659779674,1.456210642953646,0.0,0.0,3.0,1.0,0.0,0.0,1.0,0.0,0.0,0.0,0.0,1887367584
-1.6922701878965856,0.19154560125527112,-0.25471001905082513,-1.3935505667082626,-1.07452748092947,-1.0632611679635693,0.869974474292758,0.0,1.0,2.0,0.0,1.0,0.0,0.0,0.0,0.0,0.0,0.0,1890125567
0.9871459345905575,-0.8172481594413602,-1.1074217803474036,0.3674653137149877,1.565692148499415,-1.1007501027341628,-0.8887340316899065,0.0,0.0,1.0,1.0,0.0,0.0,0.0,1.0,0.0,0.0,0.0,1733577782
1.0046584582669438,-0.9238566335665019,-1.5086979033104992,-0.8065452732338458,0.6856189386897866,-1.1007501027341628,-0.8887340316899065,0.0,0.0,2.0,1.0,0.0,1.0,0.0,0.0,0.0,0.0,0.0,6054112050
1.7314281908369857,0.2568100687944855,1.7015110803942664,1.5414759006638212,0.09890346548336774,0.5112740924013528,-0.8887340316899065,1.0,0.0,2.0,0.0,0.0,0.0,0.0,1.0,0.0,0.0,0.0,1600079398
-0.7203251238571315,-0.12621262079085746,1.099596895949623,0.9544706071894045,1.4818756523270695,-0.16352673346932814,0.869974474292758,1.0,1.0,3.0,0.0,0.0,1.0,0.0,0.0,0.0,0.0,0.0,2111909095
-0.43136848319675336,0.79191963974949,0.04624707317149663,-1.3935505667082626,0.7694354348621323,-1.2881947765871296,-0.3024978630290183,1.0,0.0,1.0,0.0,0.0,0.0,0.0,0.0,0.0,0.0,1.0,9111555906
-1.7097827115729718,-1.2327554256299318,0.9992778652088489,1.5414759006638212,-0.4459037596368784,0.9611413096484733,0.28373830563186986,0.0,1.0,3.0,1.0,0.0,0.0,0.0,0.0,0.0,1.0,0.0,4690118694
-1.1581382157667954,0.04625094953901171,-1.2579003264585644,-0.8065452732338458,-0.19445427111984173,-0.6508828854870421,0.869974474292758,1.0,1.0,2.0,0.0,0.0,0.0,0.0,1.0,0.0,0.0,0.0,3332151918
1.3286401462800952,0.3040603620355454,-0.054071957569277296,-0.8065452732338458,1.4399674042408968,0.2863404837777925,0.28373830563186986,1.0,1.0,2.0,1.0,0.0,0.0,1.0,0.0,0.0,0.0,0.0,7165486422
0.7419706031211456,-1.6585986934649852,-0.5556671112731469,0.9544706071894045,0.09890346548336774,1.111097048730847,-1.4749702003507945,1.0,1.0,1.0,0.0,0.0,1.0,0.0,0.0,0.0,0.0,0.0,3192733057
-0.4576372687113334,-1.2008614776922162,0.5980017422457532,-1.3935505667082626,-0.9907109847571246,1.3735195921250005,1.456210642953646,0.0,0.0,1.0,1.0,0.0,0.0,0.0,0.0,1.0,0.0,0.0,8819063136
1.1622711713544234,1.0509103095770504,-0.9569432342362426,0.9544706071894045,0.43416945017275,-1.2881947765871296,1.456210642953646,0.0,1.0,1.0,1.0,0.0,1.0,0.0,0.0,0.0,0.0,0.0,5514806951
-1.543413736647299,-0.12473604912707421,-0.10423147293966425,1.5414759006638212,-0.6973532481539151,0.5112740924013528,-1.4749702003507945,1.0,0.0,3.0,0.0,0.0,0.0,1.0,0.0,0.0,0.0,0.0,4228081474
0.050225917903876705,0.4204142091416556,1.7015110803942664,-1.3935505667082626,-0.15254602303366896,0.8486745053366932,0.28373830563186986,0.0,1.0,2.0,1.0,0.0,0.0,1.0,0.0,0.0,0.0,0.0,9092278902
1.2761025752509358,-1.3364107564275072,-0.50550759590276,0.9544706071894045,0.5598941944312683,0.24885154900719908,-1.4749702003507945,0.0,1.0,2.0,0.0,0.0,0.0,0.0,0.0,0.0,1.0,0.0,164857872
0.46177022429896125,0.26596481310994097,-0.1543909883100512,1.5414759006638212,-0.529720255809224,0.92365237487788,0.869974474292758,1.0,0.0,1.0,0.0,0.0,0.0,1.0,0.0,0.0,0.0,0.0,6295975119
-1.1056006447376354,0.10206535843001366,-0.10423147293966425,-1.3935505667082626,-1.4097934656188524,1.5609642659779674,1.456210642953646,0.0,0.0,3.0,0.0,0.0,0.0,0.0,0.0,1.0,0.0,0.0,7984536345
-0.7378376475335178,1.6548281200643487,-0.054071957569277296,-0.8065452732338458,-1.1583439771018158,1.4859863964367808,0.869974474292758,1.0,1.0,3.0,0.0,0.0,0.0,1.0,0.0,0.0,0.0,0.0,9556307512
-1.5696825221618793,-0.3692563166495599,-1.0572622649770165,-1.3935505667082626,-0.4878120077230512,0.5862519619425395,1.456210642953646,0.0,0.0,1.0,0.0,0.0,0.0,1.0,0.0,0.0,0.0,0.0,6197543912
-0.352562126653014,-1.2253725673110163,0.898958834468075,-0.8065452732338458,1.6076003965855878,-0.4634382116340752,0.28373830563186986,1.0,0.0,2.0,0.0,0.0,1.0,0.0,0.0,0.0,0.0,0.0,9622578457
0.9871459345905575,0.2517897251376228,-1.3582193571993384,-0.8065452732338458,-0.8649862404986062,-0.9133054288811958,0.28373830563186986,0.0,0.0,2.0,1.0,0.0,0.0,0.0,0.0,1.0,0.0,0.0,6059715865
-1.1056006447376354,0.923629832158945,0.0964065885418836,0.3674653137149877,1.3142426599823784,-1.4006615808989098,-0.8887340316899065,1.0,0.0,3.0,0.0,1.0,0.0,0.0,0.0,0.0,0.0,0.0,1526266397
-1.280725881501501,-1.5750247372948603,-0.6559861420139208,0.9544706071894045,0.6437106906036139,0.5112740924013528,-0.3024978630290183,1.0,1.0,1.0,0.0,1.0,0.0,0.0,0.0,0.0,0.0,0.0,6929143849
-0.7028126001807447,1.357741901311184,-1.6090169340512732,-0.21953997975942907,1.3142426599823784,-1.1007501027341628,-0.8887340316899065,0.0,1.0,3.0,1.0,1.0,0.0,0.0,0.0,0.0,0.0,0.0,3839886794
1.547546692234927,-0.5892654945532456,-0.9569432342362426,-1.3935505667082626,0.22462820974188608,1.523475331207374,-0.8887340316899065,1.0,0.0,1.0,1.0,0.0,0.0,1.0,0.0,0.0,0.0,0.0,4708744184
0.07649470341845675,0.7892618107546806,-1.1575812957177904,-0.21953997975942907,-1.2421604732741613,1.2235638530426272,0.869974474292758,1.0,1.0,1.0,1.0,0.0,0.0,0.0,0.0,0.0,1.0,0.0,7551137021
0.6106266755482469,-0.26619161451749784,1.7516705957646534,-0.8065452732338458,0.9370684272068234,0.8861634401072866,-0.3024978630290183,1.0,0.0,1.0,1.0,0.0,1.0,0.0,0.0,0.0,0.0,0.0,8392678546
-0.9042066224591904,0.19479405891559398,-0.35502904979159905,1.5414759006638212,-1.4517017137050252,0.24885154900719908,-1.4749702003507945,0.0,0.0,1.0,0.0,1.0,0.0,0.0,0.0,0.0,0.0,0.0,2861979570
-0.1336555806981821,-0.10494998883238049,-0.054071957569277296,-1.3935505667082626,-0.8649862404986062,1.411008526895594,-0.3024978630290183,1.0,1.0,1.0,1.0,0.0,0.0,0.0,0.0,1.0,0.0,0.0,2298455226
-1.6484888787056187,-1.3748016196858686,0.7484802883569142,0.9544706071894045,1.5237839004132423,-0.35097140732229504,1.456210642953646,1.0,1.0,2.0,1.0,0.0,1.0,0.0,0.0,0.0,0.0,0.0,4772559725
-0.9392316698119635,-1.5233447290624509,-1.3080598418289513,-1.3935505667082626,1.3561509080685512,1.4484974616661874,0.28373830563186986,0.0,1.0,3.0,0.0,0.0,0.0,0.0,1.0,0.0,0.0,0.0,1200307335
-1.3858010235598204,-0.9575224675007572,-1.2579003264585644,-1.3935505667082626,-0.8649862404986062,1.2985417225838138,-1.4749702003507945,1.0,1.0,2.0,1.0,0.0,0.0,0.0,0.0,0.0,1.0,0.0,4774516759
-0.5014185779022996,0.7901477537529505,-0.25471001905082513,-0.8065452732338458,-1.1164357290156428,-0.7258607550282289,-0.3024978630290183,0.0,0.0,3.0,1.0,0.0,0.0,0.0,0.0,0.0,1.0,0.0,6587768055
0.08525096525664984,-1.163356557432125,-1.2077408110881775,0.9544706071894045,-0.4459037596368784,-0.2385046030105149,0.869974474292758,1.0,0.0,1.0,0.0,0.0,0.0,1.0,0.0,0.0,0.0,0.0,4351145825
1.337396408118289,-0.8202013027689266,-0.50550759590276,0.9544706071894045,-0.529720255809224,-0.2385046030105149,-0.3024978630290183,1.0,1.0,2.0,0.0,0.0,0.0,0.0,0.0,0.0,0.0,1.0,5738452974
0.37420760591702806,-0.43038638353018127,-0.6559861420139208,-0.21953997975942907,1.3561509080685512,-0.6883718202576355,0.28373830563186986,1.0,1.0,3.0,0.0,0.0,1.0,0.0,0.0,0.0,0.0,0.0,9544027613
0.64565172290102,-1.4114205969476898,1.4005539881719447,-1.3935505667082626,0.05699521739719496,-0.7258607550282289,1.456210642953646,0.0,1.0,3.0,0.0,0.0,0.0,0.0,0.0,0.0,0.0,1.0,682267454
1.0221709819433307,-1.1680815867562309,0.5980017422457532,-1.3935505667082626,0.26653645782805885,-1.1007501027341628,1.456210642953646,1.0,1.0,3.0,1.0,0.0,0.0,0.0,1.0,0.0,0.0,0.0,1817805371
-1.0267942881938958,-0.6515768187648936,-0.8064646881250818,0.3674653137149877,0.9789766752929961,1.4859863964367808,-0.3024978630290183,0.0,0.0,1.0,0.0,0.0,0.0,0.0,0.0,0.0,0.0,1.0,6061170184
0.9083395780468182,0.026464889244317773,-0.6058266266435339,-0.21953997975942907,-0.7392614962400879,0.3613183533189792,0.869974474292758,0.0,0.0,1.0,1.0,0.0,0.0,0.0,1.0,0.0,0.0,0.0,549456070
1.2585900515745487,-1.5924482829275013,-1.1575812957177904,-1.3935505667082626,-1.0326192328432973,-1.62559518952247,-0.3024978630290183,1.0,0.0,3.0,1.0,0.0,0.0,0.0,1.0,0.0,0.0,0.0,8438073247
-1.4908761656181397,1.224259822905189,1.1999159266903967,1.5414759006638212,0.8113436829483051,0.9611413096484733,-0.8887340316899065,0.0,1.0,2.0,0.0,0.0,0.0,0.0,1.0,0.0,0.0,0.0,1943262954
1.7139156671605997,-0.5750904065809276,1.1999159266903967,-0.8065452732338458,-1.325976969446507,-1.6630841242930634,1.456210642953646,0.0,1.0,2.0,0.0,0.0,0.0,0.0,0.0,0.0,0.0,1.0,5640248098
0.0064446087129104756,0.17382674128987377,1.4507135035423315,-0.8065452732338458,-0.19445427111984173,-1.51312838521069,0.28373830563186986,1.0,1.0,3.0,0.0,1.0,0.0,0.0,0.0,0.0,0.0,0.0,6256545836
-1.1931632631195686,0.7313802015343819,0.949118349838462,-0.8065452732338458,1.398059156154724,-0.838327559340009,0.28373830563186986,0.0,0.0,3.0,0.0,0.0,0.0,0.0,0.0,1.0,0.0,0.0,6870773395
0.5405765808427007,-0.0618340962499132,0.898958834468075,0.9544706071894045,1.3561509080685512,-0.6508828854870421,0.869974474292758,0.0,1.0,2.0,1.0,1.0,0.0,0.0,0.0,0.0,0.0,0.0,826096799
-0.7903752185626779,1.5033318673602,-1.6090169340512732,-0.8065452732338458,-0.2782707672921873,1.3735195921250005,1.456210642953646,1.0,1.0,2.0,0.0,1.0,0.0,0.0,0.0,0.0,0.0,0.0,5183985325
-1.079331859223056,1.5077615823515496,-0.40518856516198604,-0.21953997975942907,-0.6135367519815695,-1.700573059063657,0.28373830563186986,0.0,0.0,3.0,1.0,0.0,1.0,0.0,0.0,0.0,0.0,0.0,3364353604
-1.1143569065758292,-1.209720907674915,-0.3048695344212121,1.5414759006638212,-0.3201790153783601,1.1485859835014403,1.456210642953646,1.0,0.0,1.0,1.0,1.0,0.0,0.0,0.0,0.0,0.0,0.0,996974022
-0.2825120319474677,0.7310848872016256,0.39736368076420536,-0.8065452732338458,0.5598941944312683,-1.025772233192976,-0.8887340316899065,0.0,0.0,3.0,0.0,0.0,0.0,0.0,1.0,0.0,0.0,0.0,412273985
0.6106266755482469,-0.38786111961322733,0.39736368076420536,0.9544706071894045,0.6856189386897866,0.9611413096484733,-1.4749702003507945,1.0,0.0,2.0,1.0,0.0,0.0,1.0,0.0,0.0,0.0,0.0,6692640513
1.4162027646620283,-1.3606265317135504,0.44752319613459235,-1.3935505667082626,0.43416945017275,-1.4756394504400965,-1.4749702003507945,1.0,0.0,3.0,1.0,1.0,0.0,0.0,0.0,0.0,0.0,0.0,822608664
-0.36131838849120707,-0.11646724780988889,1.1497564113200098,1.5414759006638212,0.22462820974188608,-0.838327559340009,-0.8887340316899065,1.0,0.0,1.0,0.0,1.0,0.0,0.0,0.0,0.0,0.0,0.0,4341915683
-1.6222200931910393,-1.6290672601893228,-1.2077408110881775,-1.3935505667082626,0.7275271867759594,1.111097048730847,1.456210642953646,1.0,1.0,3.0,0.0,0.0,0.0,0.0,1.0,0.0,0.0,0.0,7477536173
0.07649470341845675,1.0795557998544432,0.04624707317149663,-0.21953997975942907,1.3561509080685512,0.3613183533189792,0.869974474292758,1.0,1.0,3.0,1.0,0.0,0.0,0.0,0.0,1.0,0.0,0.0,6668572367
-0.6590312909897784,-1.1273282088358165,0.5478422268753662,0.9544706071894045,1.230426163810033,0.4737851576307594,0.869974474292758,0.0,1.0,3.0,1.0,0.0,0.0,0.0,0.0,0.0,0.0,1.0,2706796292
-0.22121819908011453,1.5062850106877665,1.7516705957646534,-0.21953997975942907,0.8113436829483051,-1.4381505156695031,1.456210642953646,1.0,0.0,2.0,0.0,0.0,0.0,0.0,1.0,0.0,0.0,0.0,2703449213
0.9346083635613975,-1.379821963342731,-1.6090169340512732,-1.3935505667082626,0.6856189386897866,0.2863404837777925,-1.4749702003507945,0.0,1.0,1.0,1.0,1.0,0.0,0.0,0.0,0.0,0.0,0.0,5715793354
-0.6853000765043584,-0.60462183985659,0.6481612576161402,0.3674653137149877,0.05699521739719496,-0.9133054288811958,1.456210642953646,0.0,1.0,1.0,0.0,0.0,0.0,0.0,0.0,1.0,0.0,0.0,484730731
0.8908270543704313,-0.8494374217118325,0.6481612576161402,-1.3935505667082626,0.6437106906036139,0.7362077010249131,-1.4749702003507945,0.0,1.0,1.0,0.0,0.0,1.0,0.0,0.0,0.0,0.0,0.0,6499426620
1.337396408118289,-0.9350785782112536,0.5980017422457532,0.3674653137149877,-0.2363625192060145,-1.4756394504400965,0.869974474292758,1.0,0.0,2.0,0.0,0.0,0.0,0.0,0.0,1.0,0.0,0.0,6681048906
-1.6835139260583918,1.616141942473231,-0.10423147293966425,-0.8065452732338458,-0.9907109847571246,-0.6883718202576355,1.456210642953646,1.0,0.0,1.0,1.0,1.0,0.0,0.0,0.0,0.0,0.0,0.0,5844207751
0.9696334109141707,1.348882471328485,0.848799319097688,-0.8065452732338458,0.6856189386897866,-0.6133939507164488,0.28373830563186986,1.0,1.0,2.0,0.0,1.0,0.0,0.0,0.0,0.0,0.0,0.0,3339811372
-0.807887742239064,0.7901477537529505,-1.5588574186808861,-0.8065452732338458,0.5598941944312683,0.5862519619425395,-0.3024978630290183,0.0,1.0,1.0,0.0,0.0,0.0,0.0,0.0,1.0,0.0,0.0,1403894098
0.14654479812400303,1.068333855209691,-0.9569432342362426,0.3674653137149877,-0.9488027366709518,-1.4006615808989098,0.28373830563186986,0.0,0.0,3.0,1.0,0.0,0.0,0.0,0.0,0.0,0.0,1.0,68686613
-1.6397326168674256,0.35751225626449457,-0.455348080532373,1.5414759006638212,-1.2421604732741613,0.7736966357955064,-1.4749702003507945,1.0,0.0,1.0,1.0,0.0,0.0,0.0,0.0,1.0,0.0,0.0,9716686041
-0.8516690514300302,1.1217857494386403,-0.8566242034954688,0.3674653137149877,-0.026821278775150604,-1.1757279722753495,-0.8887340316899065,0.0,1.0,1.0,0.0,0.0,0.0,1.0,0.0,0.0,0.0,0.0,9058328933
0.29540124937328865,-0.26028532786236525,-0.10423147293966425,0.3674653137149877,0.8532519310344778,-0.538416081175262,-1.4749702003507945,0.0,0.0,1.0,0.0,0.0,0.0,0.0,0.0,0.0,1.0,0.0,8137768563
-0.05484922415444271,1.1430483813971173,0.5478422268753662,-0.21953997975942907,-0.9907109847571246,1.2985417225838138,-0.3024978630290183,1.0,0.0,1.0,1.0,0.0,1.0,0.0,0.0,0.0,0.0,0.0,7015376119
-0.20370567540372836,-1.699056757052643,-0.8566242034954688,0.3674653137149877,0.6856189386897866,-1.1007501027341628,-0.3024978630290183,0.0,0.0,2.0,0.0,0.0,0.0,1.0,0.0,0.0,0.0,0.0,9221983152
0.17281358363858307,0.8155447863700203,1.3002349574311707,-1.3935505667082626,-1.5774264579635435,-1.1007501027341628,0.869974474292758,1.0,0.0,3.0,0.0,0.0,0.0,0.0,0.0,1.0,0.0,0.0,2784354292
0.8558020070176581,1.3084244077408276,0.6481612576161402,0.9544706071894045,0.35035295400040445,1.1860749182720336,-1.4749702003507945,0.0,0.0,2.0,0.0,0.0,0.0,0.0,1.0,0.0,0.0,0.0,5261448433
1.4074465028238345,0.8813998825747474,-0.50550759590276,0.3674653137149877,-1.2840687213603341,-1.2507058418165362,1.456210642953646,0.0,0.0,2.0,1.0,0.0,0.0,0.0,0.0,0.0,0.0,1.0,6515481735
0.11151975077122989,0.5881527501474189,1.4507135035423315,-0.21953997975942907,1.3142426599823784,1.411008526895594,1.456210642953646,0.0,1.0,1.0,1.0,0.0,0.0,0.0,1.0,0.0,0.0,0.0,1255365218
-1.280725881501501,-1.7637305959263436,1.5510325342831055,0.3674653137149877,1.4399674042408968,-0.35097140732229504,1.456210642953646,0.0,0.0,1.0,0.0,0.0,0.0,0.0,0.0,0.0,1.0,0.0,2641542728
1.7752095000279529,0.17855177061397967,1.6011920496534924,0.9544706071894045,-0.7811697443262606,-1.6630841242930634,-0.8887340316899065,1.0,0.0,1.0,0.0,0.0,0.0,1.0,0.0,0.0,0.0,0.0,5984033870
-0.1861931517273414,0.6593235043417655,-1.3582193571993384,-0.8065452732338458,1.4399674042408968,-0.2385046030105149,0.869974474292758,0.0,1.0,2.0,1.0,0.0,0.0,0.0,0.0,0.0,1.0,0.0,9760095247
-1.525901212970913,-0.626770414813337,-1.5086979033104992,1.5414759006638212,-1.5774264579635435,-1.62559518952247,-0.8887340316899065,0.0,0.0,3.0,1.0,1.0,0.0,0.0,0.0,0.0,0.0,0.0,3316481616
-0.9304754079737704,1.461692546441516,0.0964065885418836,-0.21953997975942907,0.5598941944312683,-0.838327559340009,-0.8887340316899065,1.0,0.0,1.0,1.0,0.0,0.0,1.0,0.0,0.0,0.0,0.0,9286281403
1.4950091212057677,0.446992499089752,-0.9067837188658556,-1.3935505667082626,-0.6973532481539151,-0.2759935377811083,0.869974474292758,1.0,0.0,2.0,1.0,0.0,0.0,0.0,0.0,0.0,0.0,1.0,4619296295
-1.4908761656181397,1.5204600986600842,1.4005539881719447,0.3674653137149877,0.1827199616557133,-1.2132169070459429,1.456210642953646,0.0,1.0,3.0,0.0,0.0,0.0,1.0,0.0,0.0,0.0,0.0,3940731481
0.8908270543704313,-0.32436853807055294,-1.2579003264585644,0.3674653137149877,0.015086969311022177,-0.42594927686348183,0.869974474292758,0.0,0.0,2.0,0.0,0.0,0.0,0.0,1.0,0.0,0.0,0.0,591697518
0.1027634889330368,0.822927644688936,-1.65917644942166,1.5414759006638212,1.4818756523270695,-0.05105992915754799,0.28373830563186986,1.0,0.0,3.0,0.0,0.0,0.0,0.0,0.0,0.0,1.0,0.0,8262331549
1.2498337897363558,-0.8343763907412445,-0.8064646881250818,-1.3935505667082626,1.1466096676376873,0.92365237487788,-1.4749702003507945,1.0,1.0,3.0,0.0,0.0,0.0,1.0,0.0,0.0,0.0,0.0,963984634
-0.5364436252550728,0.056882265518249986,0.798639803727301,-0.8065452732338458,-0.36208726346453285,0.17387367946601232,0.28373830563186986,0.0,1.0,1.0,0.0,0.0,0.0,0.0,1.0,0.0,0.0,0.0,944466691
1.547546692234927,0.891145255555716,-1.3080598418289513,0.9544706071894045,-0.2782707672921873,0.92365237487788,0.869974474292758,0.0,1.0,1.0,1.0,0.0,0.0,0.0,0.0,0.0,0.0,1.0,4905970842
-0.32629334113843395,1.4800020350724268,0.848799319097688,0.3674653137149877,-0.529720255809224,-0.6508828854870421,0.28373830563186986,1.0,0.0,1.0,0.0,1.0,0.0,0.0,0.0,0.0,0.0,0.0,2186194797
-0.019824176801669573,0.749394375832536,-1.4083788725697253,1.5414759006638212,0.9789766752929961,1.6359421355191544,1.456210642953646,1.0,0.0,3.0,0.0,0.0,0.0,0.0,0.0,1.0,0.0,0.0,5849476663
1.2498337897363558,-1.0089071614004097,-1.5086979033104992,0.9544706071894045,1.3142426599823784,1.4859863964367808,1.456210642953646,1.0,1.0,3.0,0.0,0.0,0.0,0.0,0.0,0.0,1.0,0.0,1528902013
1.4774965975293808,-1.1347110671547322,0.5980017422457532,-1.3935505667082626,0.8113436829483051,-0.08854886392814137,1.456210642953646,1.0,1.0,2.0,1.0,0.0,0.0,0.0,0.0,0.0,0.0,1.0,1343241057
-0.6853000765043584,1.3031087497512082,0.7484802883569142,0.9544706071894045,-0.8230779924124334,0.92365237487788,-0.8887340316899065,1.0,0.0,2.0,0.0,0.0,0.0,0.0,0.0,1.0,0.0,0.0,8783506382
-1.6922701878965856,-1.4105346539494201,-1.0071027496066296,0.3674653137149877,-1.5355182098773708,0.436296222860166,-0.8887340316899065,0.0,0.0,1.0,0.0,1.0,0.0,0.0,0.0,0.0,0.0,0.0,2217077984
-1.6660014023820056,0.13573119236426895,-0.003912442198890332,1.5414759006638212,-1.3678852175326797,1.1485859835014403,-0.8887340316899065,0.0,0.0,1.0,1.0,0.0,0.0,0.0,0.0,0.0,1.0,0.0,7750392966
0.5580891045190868,1.179667358658939,-0.20455050368043817,0.3674653137149877,-1.6193347060497163,0.17387367946601232,-0.3024978630290183,1.0,1.0,1.0,0.0,0.0,0.0,0.0,0.0,0.0,1.0,0.0,1635164622
-1.0092817645175098,-0.4126675235647837,-1.0572622649770165,-0.8065452732338458,-1.07452748092947,-1.4756394504400965,0.869974474292758,0.0,0.0,3.0,1.0,0.0,0.0,0.0,0.0,1.0,0.0,0.0,185825236
0.2866449875350956,-1.5203915857348846,-0.50550759590276,0.9544706071894045,0.9789766752929961,-0.7258607550282289,-0.8887340316899065,0.0,0.0,2.0,1.0,0.0,0.0,0.0,0.0,1.0,0.0,0.0,6307037592
1.1972962187071965,0.355445055935198,-1.3582193571993384,1.5414759006638212,-1.2840687213603341,-0.08854886392814137,-0.3024978630290183,1.0,1.0,2.0,0.0,1.0,0.0,0.0,0.0,0.0,0.0,0.0,9652025059
1.0309272437815238,-0.12414542046156109,0.898958834468075,0.9544706071894045,-0.4459037596368784,-1.5881062547518767,0.869974474292758,1.0,1.0,1.0,1.0,0.0,0.0,0.0,1.0,0.0,0.0,0.0,6477041570
-0.4751497923877196,1.3952468215712752,-1.6090169340512732,-0.21953997975942907,-0.3201790153783601,-1.1382390375047562,0.28373830563186986,0.0,0.0,1.0,1.0,0.0,0.0,0.0,0.0,0.0,0.0,1.0,1874894074
-1.3770447617216273,0.7747914084496057,-0.6058266266435339,-1.3935505667082626,-0.6973532481539151,-1.1007501027341628,0.28373830563186986,1.0,0.0,1.0,0.0,0.0,0.0,0.0,1.0,0.0,0.0,0.0,2344627356
-1.4821199037799468,-0.42270821087850907,0.19672561928265753,0.9544706071894045,0.3922612020865772,0.9986302444190668,-0.3024978630290183,0.0,1.0,2.0,1.0,0.0,0.0,0.0,1.0,0.0,0.0,0.0,1986291372
-1.2106757867959548,0.35692162759898144,0.4976827115049793,1.5414759006638212,-1.2002522251879886,-0.9133054288811958,-0.3024978630290183,0.0,1.0,1.0,1.0,0.0,0.0,1.0,0.0,0.0,0.0,0.0,2027318419
-1.7097827115729718,-0.38343140462187797,-0.8064646881250818,-0.8065452732338458,1.1466096676376873,1.4859863964367808,0.869974474292758,1.0,1.0,3.0,1.0,0.0,1.0,0.0,0.0,0.0,0.0,0.0,9912513662
0.35669508224064184,-0.055041866596510704,1.8018301111350403,-0.8065452732338458,1.2723344118962057,0.5487630271719461,-0.8887340316899065,1.0,1.0,1.0,1.0,0.0,0.0,0.0,0.0,0.0,1.0,0.0,6070312103
-1.2632133578251148,0.7192723138913604,-0.003912442198890332,0.3674653137149877,0.8532519310344778,0.7736966357955064,-0.8887340316899065,0.0,1.0,2.0,1.0,0.0,0.0,0.0,1.0,0.0,0.0,0.0,5576259821
1.6876468816460195,-0.912044060256237,0.14656610391227057,-0.8065452732338458,0.47607769825892277,1.5609642659779674,1.456210642953646,1.0,0.0,2.0,1.0,0.0,1.0,0.0,0.0,0.0,0.0,0.0,8576764244
-1.2281883104723417,1.3367745836854634,0.39736368076420536,0.9544706071894045,0.8951601791206506,1.523475331207374,0.869974474292758,1.0,0.0,2.0,0.0,1.0,0.0,0.0,0.0,0.0,0.0,0.0,6512095647
1.4950091212057677,-0.4752741621091884,-0.40518856516198604,-0.8065452732338458,-0.7811697443262606,1.4859863964367808,-0.8887340316899065,0.0,0.0,3.0,1.0,0.0,1.0,0.0,0.0,0.0,0.0,0.0,568494213
-1.6397326168674256,-1.5159618707435352,1.7516705957646534,-0.21953997975942907,-0.5716285038953968,-0.3134824725517017,1.456210642953646,1.0,1.0,2.0,1.0,0.0,1.0,0.0,0.0,0.0,0.0,0.0,9570060809
-1.6747576642201987,0.8226323303561791,-0.7563051727546948,-1.3935505667082626,-1.5774264579635435,0.023917940383638776,0.28373830563186986,0.0,1.0,1.0,0.0,1.0,0.0,0.0,0.0,0.0,0.0,0.0,6261583287
0.2341074165059355,0.6132544684317318,1.2500754420607838,-0.21953997975942907,1.3561509080685512,0.8111855705660999,-1.4749702003507945,0.0,1.0,2.0,1.0,0.0,0.0,0.0,1.0,0.0,0.0,0.0,3505358815
0.8120206978266918,-0.2977902481224565,-0.50550759590276,0.3674653137149877,0.6437106906036139,-0.20101566823992154,-0.3024978630290183,0.0,0.0,2.0,0.0,1.0,0.0,0.0,0.0,0.0,0.0,0.0,9720887777
-1.5871950458382662,0.17884708494673646,1.6513515650238795,-1.3935505667082626,0.9789766752929961,-1.51312838521069,0.869974474292758,0.0,0.0,1.0,1.0,0.0,0.0,1.0,0.0,0.0,0.0,0.0,929538993
-0.20370567540372836,-0.13507205077355613,-1.6090169340512732,0.9544706071894045,-0.4039955115507056,-0.5009271464046686,-1.4749702003507945,0.0,1.0,3.0,1.0,0.0,0.0,1.0,0.0,0.0,0.0,0.0,4409816366
-0.8779378369446103,0.13543587803151258,-1.4585383879401121,-1.3935505667082626,-1.07452748092947,-0.9882832984223826,0.28373830563186986,0.0,1.0,1.0,0.0,0.0,0.0,1.0,0.0,0.0,0.0,0.0,3731289923
-0.9392316698119635,1.60049028283713,-0.25471001905082513,-0.8065452732338458,-0.19445427111984173,1.4484974616661874,1.456210642953646,1.0,0.0,1.0,0.0,0.0,1.0,0.0,0.0,0.0,0.0,0.0,504613952
-0.1774368898891483,0.8483246773060057,-0.20455050368043817,-0.21953997975942907,0.8113436829483051,0.023917940383638776,0.869974474292758,1.0,0.0,3.0,0.0,0.0,0.0,0.0,0.0,0.0,0.0,1.0,5456033927
1.573815477749507,1.5423133592840748,-1.2077408110881775,0.3674653137149877,-0.19445427111984173,0.5487630271719461,-0.3024978630290183,1.0,1.0,3.0,1.0,0.0,0.0,0.0,0.0,0.0,0.0,1.0,2196903705
-1.6660014023820056,1.2050643912760088,-0.054071957569277296,0.3674653137149877,1.565692148499415,-1.5881062547518767,-0.8887340316899065,1.0,0.0,3.0,0.0,1.0,0.0,0.0,0.0,0.0,0.0,0.0,8310638979
0.7069455557683725,-1.3715531620255454,0.34720416539381843,-0.8065452732338458,-0.6554450000677423,0.3613183533189792,0.28373830563186986,1.0,1.0,3.0,0.0,0.0,0.0,0.0,0.0,0.0,0.0,1.0,1938094138
-1.6134638313528455,0.6971237389346134,-0.50550759590276,1.5414759006638212,0.1827199616557133,-1.6630841242930634,0.869974474292758,0.0,0.0,2.0,0.0,0.0,0.0,0.0,0.0,0.0,1.0,0.0,4391428405
-0.2387307227565015,-0.05179340893618785,-0.6058266266435339,-0.21953997975942907,-0.6973532481539151,0.6987187662543197,-1.4749702003507945,0.0,0.0,1.0,0.0,0.0,1.0,0.0,0.0,0.0,0.0,0.0,2711837953
1.346152669956482,1.5166210123342483,-0.20455050368043817,0.3674653137149877,-0.9488027366709518,-0.013570994386954608,1.456210642953646,1.0,0.0,1.0,1.0,1.0,0.0,0.0,0.0,0.0,0.0,0.0,1332557616
-1.5696825221618793,-0.6282469864771202,1.0494373805792359,0.3674653137149877,0.7694354348621323,-0.4634382116340752,0.869974474292758,0.0,0.0,3.0,1.0,0.0,0.0,0.0,0.0,0.0,1.0,0.0,2256348075
-0.15992436621276213,0.1380937070263219,0.6481612576161402,0.3674653137149877,0.8951601791206506,0.8861634401072866,0.28373830563186986,1.0,0.0,3.0,1.0,1.0,0.0,0.0,0.0,0.0,0.0,0.0,5462005930
1.573815477749507,0.2827977300770684,0.19672561928265753,-0.21953997975942907,1.230426163810033,1.1485859835014403,-0.3024978630290183,0.0,0.0,2.0,1.0,0.0,0.0,0.0,0.0,0.0,0.0,1.0,5054079298
-0.1861931517273414,0.5326336555891731,-0.1543909883100512,-0.21953997975942907,1.6495086446717606,-1.0632611679635693,1.456210642953646,0.0,0.0,2.0,0.0,0.0,0.0,1.0,0.0,0.0,0.0,0.0,9422545250
0.6281391992246331,0.43104552512089406,-1.2579003264585644,-0.21953997975942907,0.8532519310344778,0.5862519619425395,-1.4749702003507945,1.0,0.0,3.0,0.0,0.0,0.0,1.0,0.0,0.0,0.0,0.0,8967838614
-0.7115688620189384,-1.6101671428928988,-0.8566242034954688,0.3674653137149877,-0.2363625192060145,0.3238294185483859,-0.3024978630290183,0.0,0.0,1.0,1.0,0.0,0.0,0.0,0.0,0.0,1.0,0.0,9284833227
1.783965761866146,0.671431391984787,-0.455348080532373,1.5414759006638212,-0.9907109847571246,-1.1382390375047562,1.456210642953646,0.0,0.0,3.0,0.0,0.0,0.0,0.0,1.0,0.0,0.0,0.0,5047953065
-1.079331859223056,-0.21037720562649567,1.6011920496534924,0.3674653137149877,-0.6135367519815695,1.0361191791896602,0.28373830563186986,1.0,0.0,1.0,0.0,0.0,0.0,0.0,0.0,0.0,1.0,0.0,6052033005
1.2060524805453896,-1.279710404538235,-1.6090169340512732,1.5414759006638212,-0.9907109847571246,-0.9507943636517892,-0.8887340316899065,1.0,0.0,1.0,1.0,0.0,0.0,0.0,0.0,0.0,0.0,1.0,1018752333
-1.508388689294526,-1.7341991626506812,-1.0071027496066296,0.3674653137149877,1.1466096676376873,1.1485859835014403,0.28373830563186986,1.0,0.0,1.0,1.0,0.0,0.0,1.0,0.0,0.0,0.0,0.0,7181508530
-0.0636054859926358,-0.7856495258364014,0.39736368076420536,1.5414759006638212,-0.8649862404986062,-0.2385046030105149,0.869974474292758,0.0,0.0,1.0,0.0,0.0,0.0,0.0,1.0,0.0,0.0,0.0,2235682719
-1.5784387840000722,0.18357211427084236,0.4976827115049793,0.3674653137149877,-0.9488027366709518,0.2863404837777925,-0.3024978630290183,0.0,0.0,3.0,1.0,0.0,0.0,1.0,0.0,0.0,0.0,0.0,6715037148
-0.7903752185626779,-0.8160669021103337,-0.9067837188658556,0.3674653137149877,1.1885179157238601,0.2863404837777925,-1.4749702003507945,1.0,0.0,1.0,1.0,1.0,0.0,0.0,0.0,0.0,0.0,0.0,8454478382
-1.271969619663308,0.5538962875476504,-0.3048695344212121,0.9544706071894045,-0.8230779924124334,0.9611413096484733,0.28373830563186986,0.0,1.0,1.0,0.0,0.0,0.0,0.0,0.0,0.0,1.0,0.0,6528442669
-0.26499950827108076,-1.1890489043819514,-0.50550759590276,-1.3935505667082626,0.8532519310344778,-0.7258607550282289,0.28373830563186986,1.0,1.0,1.0,1.0,0.0,0.0,0.0,0.0,0.0,0.0,1.0,6040132644
1.065952291134297,0.36666700057995,-1.2579003264585644,-0.21953997975942907,-1.1583439771018158,1.1485859835014403,0.869974474292758,1.0,1.0,3.0,1.0,0.0,1.0,0.0,0.0,0.0,0.0,0.0,3147418476
1.0571960292961038,-1.6010123985774434,1.7516705957646534,0.3674653137149877,-0.9488027366709518,-0.5759050159458554,0.28373830563186986,1.0,0.0,2.0,0.0,0.0,0.0,0.0,1.0,0.0,0.0,0.0,5499336917
0.8820707925322382,1.5417227306185612,0.34720416539381843,0.9544706071894045,0.3922612020865772,-1.2507058418165362,0.28373830563186986,0.0,1.0,3.0,0.0,0.0,1.0,0.0,0.0,0.0,0.0,0.0,3034713948
-1.4383385945889806,-1.2126740510024814,1.7015110803942664,-0.8065452732338458,1.3561509080685512,1.411008526895594,-0.3024978630290183,1.0,0.0,1.0,0.0,0.0,0.0,0.0,1.0,0.0,0.0,0.0,1724313645
1.6438655724550533,0.19036434392424484,1.2500754420607838,0.9544706071894045,1.4818756523270695,1.111097048730847,0.28373830563186986,0.0,1.0,3.0,0.0,0.0,0.0,0.0,0.0,0.0,1.0,0.0,4728519010
-0.1949494135655345,-1.092481117570535,1.3503944728015576,0.3674653137149877,1.1466096676376873,0.92365237487788,-1.4749702003507945,0.0,1.0,3.0,1.0,0.0,0.0,0.0,0.0,0.0,0.0,1.0,1346003791
-1.044306811870283,1.1288732934247996,1.4005539881719447,-1.3935505667082626,0.7694354348621323,1.0736081139602536,-0.8887340316899065,0.0,1.0,1.0,1.0,0.0,1.0,0.0,0.0,0.0,0.0,0.0,5379633142
-1.6835139260583918,-0.7670447228727338,0.6481612576161402,-1.3935505667082626,-0.8649862404986062,-0.6133939507164488,-0.3024978630290183,0.0,1.0,1.0,1.0,0.0,0.0,1.0,0.0,0.0,0.0,0.0,2781081809
-1.2894821433396941,0.4768192466981709,-0.10423147293966425,-0.21953997975942907,1.6076003965855878,-1.5881062547518767,1.456210642953646,1.0,0.0,3.0,0.0,0.0,0.0,0.0,0.0,1.0,0.0,0.0,4358915657
1.5037653830439608,-0.8101606154552011,0.5980017422457532,-1.3935505667082626,-1.4097934656188524,-1.3631726461283165,0.28373830563186986,0.0,1.0,2.0,0.0,1.0,0.0,0.0,0.0,0.0,0.0,0.0,6430996206
-0.6502750291515853,1.686131439336551,0.5478422268753662,1.5414759006638212,-1.661242954135889,1.2985417225838138,-1.4749702003507945,0.0,0.0,2.0,0.0,0.0,0.0,0.0,0.0,1.0,0.0,0.0,9082802220
-0.49266231606410654,0.36932482957475976,-0.8566242034954688,-1.3935505667082626,0.3922612020865772,1.0736081139602536,0.869974474292758,1.0,1.0,1.0,0.0,0.0,0.0,0.0,0.0,0.0,1.0,0.0,1852287897
1.6613780961314395,-1.7312460193231152,0.5478422268753662,-0.8065452732338458,-1.5774264579635435,1.2610527878132205,-1.4749702003507945,0.0,0.0,2.0,0.0,0.0,0.0,0.0,0.0,0.0,1.0,0.0,6241384487
-1.1406256920904085,-0.5827685792326,0.848799319097688,-1.3935505667082626,0.35035295400040445,-1.5506173199812834,0.869974474292758,1.0,1.0,2.0,0.0,0.0,1.0,0.0,0.0,0.0,0.0,0.0,3953427360
0.7157018176065656,-0.634743901797766,-0.3048695344212121,-1.3935505667082626,0.5598941944312683,-0.6883718202576355,1.456210642953646,0.0,0.0,1.0,1.0,0.0,0.0,0.0,0.0,1.0,0.0,0.0,1808837379
1.3811777173092552,-0.8216778744327096,0.7484802883569142,0.9544706071894045,-0.2363625192060145,0.8486745053366932,-1.4749702003507945,1.0,1.0,3.0,0.0,0.0,0.0,0.0,0.0,0.0,0.0,1.0,9159807019
1.0484397674579107,1.1082012901318357,0.949118349838462,0.3674653137149877,-0.4878120077230512,-0.3134824725517017,-0.3024978630290183,0.0,0.0,3.0,0.0,0.0,0.0,0.0,0.0,0.0,0.0,1.0,2928694574
-0.36131838849120707,0.7795164377737116,-0.10423147293966425,-0.8065452732338458,1.230426163810033,0.5862519619425395,-1.4749702003507945,0.0,0.0,2.0,1.0,0.0,0.0,0.0,0.0,1.0,0.0,0.0,749619092
-0.7816189567244848,1.12444357843345,0.9992778652088489,0.3674653137149877,0.8113436829483051,-1.62559518952247,0.869974474292758,0.0,1.0,2.0,1.0,0.0,1.0,0.0,0.0,0.0,0.0,0.0,6086098239
0.18156984547677618,-0.3087168784344518,-1.0572622649770165,0.3674653137149877,1.6495086446717606,0.06140687515423216,0.869974474292758,0.0,0.0,2.0,1.0,0.0,1.0,0.0,0.0,0.0,0.0,0.0,9862638182
-0.8604253132682241,-0.2960183621259169,0.898958834468075,0.3674653137149877,-1.4517017137050252,-0.7258607550282289,-0.3024978630290183,0.0,1.0,1.0,1.0,0.0,0.0,0.0,0.0,0.0,0.0,1.0,9034523980
-1.0880881210612492,-1.460147461852533,0.6481612576161402,-1.3935505667082626,-0.5716285038953968,-0.8758164941106025,-0.3024978630290183,1.0,0.0,3.0,0.0,0.0,0.0,0.0,0.0,0.0,1.0,0.0,9591483950
1.6263530487786664,0.5801792631629897,-0.50550759590276,-0.21953997975942907,0.015086969311022177,1.3735195921250005,-0.8887340316899065,0.0,1.0,3.0,0.0,0.0,0.0,0.0,0.0,0.0,0.0,1.0,2185718927
1.2235650042217756,-0.4608037598041137,1.2500754420607838,-0.21953997975942907,-0.9488027366709518,0.5112740924013528,0.869974474292758,1.0,1.0,2.0,1.0,1.0,0.0,0.0,0.0,0.0,0.0,0.0,343363895
-1.2369445723105348,-1.7347897913161945,0.949118349838462,1.5414759006638212,1.3142426599823784,-1.1007501027341628,-0.8887340316899065,0.0,0.0,1.0,1.0,0.0,0.0,0.0,1.0,0.0,0.0,0.0,269944681
-0.0723617478308289,0.8754935959196148,0.798639803727301,1.5414759006638212,0.6437106906036139,1.3360306573544072,-0.8887340316899065,1.0,0.0,2.0,1.0,0.0,0.0,0.0,0.0,1.0,0.0,0.0,2420640346
-0.27375577010927465,0.7355146021929747,-1.5086979033104992,-0.21953997975942907,1.2723344118962057,-1.025772233192976,0.869974474292758,0.0,0.0,1.0,0.0,0.0,0.0,0.0,0.0,0.0,0.0,1.0,8153326331
-0.6502750291515853,-1.0735810002741109,-0.20455050368043817,1.5414759006638212,0.1827199616557133,1.523475331207374,1.456210642953646,1.0,0.0,1.0,0.0,0.0,0.0,0.0,1.0,0.0,0.0,0.0,9012871164
0.9170958398850113,0.709231626577635,-1.0071027496066296,1.5414759006638212,-1.3678852175326797,-0.38846034209288843,-0.8887340316899065,1.0,1.0,3.0,1.0,0.0,0.0,0.0,1.0,0.0,0.0,0.0,9779386237
0.8558020070176581,-1.2897510918519604,-1.1575812957177904,-0.8065452732338458,-0.2782707672921873,-1.4756394504400965,-0.3024978630290183,1.0,0.0,3.0,1.0,0.0,1.0,0.0,0.0,0.0,0.0,0.0,3504456475
1.1622711713544234,0.405353178171068,0.14656610391227057,1.5414759006638212,0.6437106906036139,-1.5506173199812834,-0.3024978630290183,1.0,1.0,3.0,0.0,0.0,0.0,0.0,0.0,0.0,1.0,0.0,4816206591
-0.6240062436370052,1.4788207777414002,-1.4585383879401121,-0.21953997975942907,-1.2421604732741613,-1.1007501027341628,1.456210642953646,1.0,1.0,1.0,1.0,0.0,0.0,0.0,0.0,1.0,0.0,0.0,3011533001
-0.37883091216759407,-0.5635731476034191,-1.2077408110881775,0.9544706071894045,0.8113436829483051,1.1485859835014403,-0.8887340316899065,1.0,1.0,2.0,0.0,0.0,0.0,0.0,0.0,0.0,0.0,1.0,8340881485
0.5493328426808938,-0.545558973305265,-1.5086979033104992,-1.3935505667082626,1.0627931714653418,1.1860749182720336,0.28373830563186986,0.0,1.0,3.0,0.0,0.0,1.0,0.0,0.0,0.0,0.0,0.0,7041240908
-0.037336700478055755,-1.119354721851388,-0.9569432342362426,1.5414759006638212,0.015086969311022177,-0.16352673346932814,-0.8887340316899065,0.0,1.0,2.0,1.0,0.0,1.0,0.0,0.0,0.0,0.0,0.0,9227849016
0.5756016281954738,-0.3736860316409092,-0.25471001905082513,-1.3935505667082626,1.398059156154724,-0.05105992915754799,1.456210642953646,1.0,1.0,2.0,1.0,0.0,0.0,0.0,0.0,0.0,0.0,1.0,8356704967
-0.1686806280509552,-1.6810425827544888,0.14656610391227057,1.5414759006638212,-0.9907109847571246,1.5609642659779674,-0.3024978630290183,0.0,1.0,1.0,0.0,0.0,0.0,0.0,1.0,0.0,0.0,0.0,9411809625
-0.7553501712099047,-0.4120768948992706,0.4976827115049793,0.9544706071894045,-0.3201790153783601,1.3735195921250005,-0.8887340316899065,0.0,0.0,2.0,0.0,0.0,0.0,0.0,0.0,0.0,0.0,1.0,238101488
0.33042629672606183,-0.5293166850036507,-1.2579003264585644,-0.21953997975942907,1.6076003965855878,-0.6133939507164488,1.456210642953646,1.0,1.0,2.0,1.0,1.0,0.0,0.0,0.0,0.0,0.0,0.0,299739463
-0.9479879316501566,0.7995978124011623,-1.5086979033104992,0.3674653137149877,-0.7392614962400879,-0.7633496897988223,-0.3024978630290183,0.0,1.0,2.0,0.0,0.0,0.0,0.0,0.0,0.0,1.0,0.0,6456326930
-0.49266231606410654,0.03473369056150331,0.798639803727301,0.9544706071894045,1.565692148499415,1.411008526895594,0.28373830563186986,0.0,1.0,3.0,0.0,0.0,0.0,1.0,0.0,0.0,0.0,0.0,4654125632
-1.6397326168674256,-1.2079490216783755,0.5980017422457532,-0.21953997975942907,0.47607769825892277,0.6987187662543197,-1.4749702003507945,1.0,0.0,2.0,1.0,0.0,0.0,0.0,1.0,0.0,0.0,0.0,6564776089
1.1447586476780363,-1.3384779567568035,-1.6090169340512732,-1.3935505667082626,-1.1583439771018158,-1.62559518952247,1.456210642953646,0.0,1.0,1.0,1.0,0.0,0.0,0.0,0.0,0.0,1.0,0.0,3188445213
0.5318203190045068,-0.24729149722107382,0.4976827115049793,-0.21953997975942907,-0.9068944885847791,-1.4756394504400965,1.456210642953646,0.0,1.0,3.0,1.0,0.0,1.0,0.0,0.0,0.0,0.0,0.0,626489314
0.2778887256969017,-1.0345995083502364,-1.6090169340512732,-0.21953997975942907,-0.6973532481539151,-0.8758164941106025,0.869974474292758,0.0,1.0,3.0,1.0,0.0,1.0,0.0,0.0,0.0,0.0,0.0,9495846455
1.2936150989273218,1.5163256980014914,1.0494373805792359,-0.21953997975942907,0.9789766752929961,0.2863404837777925,-1.4749702003507945,1.0,0.0,2.0,0.0,0.0,0.0,0.0,0.0,0.0,1.0,0.0,3744131304
-0.2825120319474677,1.6811110956796882,-0.25471001905082513,0.3674653137149877,0.9370684272068234,-0.12603779869873477,0.28373830563186986,0.0,0.0,3.0,0.0,0.0,1.0,0.0,0.0,0.0,0.0,0.0,4109597650
-0.5451998870932658,0.6767470499744064,1.6513515650238795,-0.21953997975942907,-0.6973532481539151,0.7362077010249131,-1.4749702003507945,1.0,1.0,1.0,0.0,0.0,0.0,1.0,0.0,0.0,0.0,0.0,4695857617
-1.3682884998834342,1.6137794278111777,-0.8566242034954688,0.9544706071894045,0.22462820974188608,0.8111855705660999,-1.4749702003507945,0.0,0.0,1.0,0.0,0.0,0.0,0.0,0.0,0.0,1.0,0.0,6180540799
-0.011067914963475705,1.6075778268232888,0.6481612576161402,-1.3935505667082626,-1.6193347060497163,-1.0632611679635693,0.28373830563186986,1.0,1.0,1.0,0.0,0.0,0.0,0.0,0.0,1.0,0.0,0.0,4253614432
1.600084263264087,0.9513893794380677,-0.5556671112731469,-0.8065452732338458,0.43416945017275,-0.35097140732229504,-0.3024978630290183,1.0,1.0,2.0,0.0,0.0,0.0,1.0,0.0,0.0,0.0,0.0,222132539
-0.2474869845946946,1.5857245661992987,-1.5086979033104992,-1.3935505667082626,1.1885179157238601,0.3613183533189792,0.28373830563186986,1.0,1.0,2.0,1.0,1.0,0.0,0.0,0.0,0.0,0.0,0.0,7452113839
1.284858837089129,-0.4646428461299499,0.9992778652088489,0.3674653137149877,-1.1164357290156428,0.6612298314837263,-1.4749702003507945,0.0,1.0,1.0,1.0,1.0,0.0,0.0,0.0,0.0,0.0,0.0,6461116314
-0.32629334113843395,-0.6855379670319054,1.6513515650238795,-1.3935505667082626,0.8113436829483051,-0.05105992915754799,0.28373830563186986,1.0,1.0,2.0,0.0,0.0,0.0,0.0,0.0,0.0,1.0,0.0,7608060062
-0.5101748397404927,-1.7031911577112355,-0.7061456573843078,-0.8065452732338458,-0.9907109847571246,-1.2881947765871296,-0.8887340316899065,1.0,1.0,1.0,0.0,0.0,0.0,0.0,0.0,0.0,0.0,1.0,2849756435
-0.4226122213585603,0.2030628602327795,-1.1074217803474036,1.5414759006638212,-0.6554450000677423,-0.4634382116340752,1.456210642953646,0.0,1.0,2.0,1.0,1.0,0.0,0.0,0.0,0.0,0.0,0.0,9705956862
-1.245700834148728,1.1905939889709338,-1.4083788725697253,-0.8065452732338458,1.565692148499415,0.3613183533189792,0.869974474292758,0.0,1.0,1.0,1.0,0.0,0.0,0.0,1.0,0.0,0.0,0.0,9874742551
1.2585900515745487,1.684654867672768,-0.7563051727546948,-0.8065452732338458,-1.661242954135889,-0.6133939507164488,-1.4749702003507945,1.0,0.0,1.0,1.0,0.0,0.0,0.0,1.0,0.0,0.0,0.0,4138882485
-0.825400265915451,-0.44308489983871613,0.6481612576161402,0.3674653137149877,-0.6973532481539151,-0.4634382116340752,0.28373830563186986,1.0,1.0,2.0,0.0,0.0,0.0,0.0,1.0,0.0,0.0,0.0,3972764845
-0.5627124107696528,-0.4472193004973089,-1.0071027496066296,-0.21953997975942907,-1.07452748092947,-0.38846034209288843,-0.3024978630290183,0.0,0.0,3.0,1.0,0.0,0.0,1.0,0.0,0.0,0.0,0.0,3331479662
1.6964031434842126,-0.6633893920751586,0.39736368076420536,-0.8065452732338458,1.565692148499415,0.5112740924013528,-0.3024978630290183,0.0,0.0,3.0,0.0,0.0,0.0,0.0,0.0,1.0,0.0,0.0,8746882951
-1.6922701878965856,0.7234067145499531,-1.3582193571993384,1.5414759006638212,-0.11063777494749616,-0.2759935377811083,-0.3024978630290183,1.0,1.0,2.0,1.0,0.0,0.0,0.0,0.0,0.0,0.0,1.0,7761573534
0.7244580794447594,-1.69758018538886,-1.3080598418289513,-1.3935505667082626,-1.5355182098773708,1.0736081139602536,0.28373830563186986,1.0,0.0,2.0,0.0,0.0,0.0,0.0,0.0,0.0,1.0,0.0,4951957940
-1.298238405177888,-1.2882745201881773,0.5478422268753662,0.3674653137149877,0.015086969311022177,0.3613183533189792,-1.4749702003507945,0.0,0.0,3.0,0.0,0.0,0.0,0.0,0.0,1.0,0.0,0.0,9603593233
1.337396408118289,0.9443018354519088,0.14656610391227057,1.5414759006638212,-1.07452748092947,-1.2132169070459429,-0.3024978630290183,1.0,0.0,2.0,1.0,0.0,0.0,1.0,0.0,0.0,0.0,0.0,1442588244
1.1447586476780363,-1.347632701072259,0.5980017422457532,0.9544706071894045,0.43416945017275,1.4859863964367808,-1.4749702003507945,1.0,0.0,3.0,0.0,1.0,0.0,0.0,0.0,0.0,0.0,0.0,8974799411
-0.3175370793002409,0.41687043714857636,-1.0572622649770165,-0.8065452732338458,-0.4039955115507056,-1.5506173199812834,-0.3024978630290183,1.0,1.0,2.0,0.0,0.0,0.0,1.0,0.0,0.0,0.0,0.0,8824803629
0.5493328426808938,-0.5328604569967301,-0.9067837188658556,0.3674653137149877,0.015086969311022177,-1.700573059063657,0.869974474292758,1.0,0.0,3.0,1.0,0.0,0.0,0.0,0.0,1.0,0.0,0.0,2318691474
1.2761025752509358,0.7733148367858227,1.7015110803942664,1.5414759006638212,1.4818756523270695,-0.013570994386954608,1.456210642953646,1.0,1.0,1.0,1.0,0.0,0.0,0.0,0.0,0.0,1.0,0.0,6545017267
0.7244580794447594,0.334182423976721,1.099596895949623,-1.3935505667082626,0.14081171356954053,0.3613183533189792,0.869974474292758,0.0,0.0,2.0,1.0,0.0,0.0,0.0,1.0,0.0,0.0,0.0,1396179607
0.3216700348878687,0.20867383255515531,-0.5556671112731469,0.3674653137149877,-0.6973532481539151,1.3360306573544072,-0.3024978630290183,0.0,0.0,3.0,0.0,0.0,0.0,0.0,0.0,0.0,0.0,1.0,9907839983
-0.4576372687113334,0.4328174111174339,-1.5588574186808861,-0.21953997975942907,1.0627931714653418,-0.8758164941106025,1.456210642953646,1.0,1.0,1.0,0.0,0.0,0.0,1.0,0.0,0.0,0.0,0.0,5910949812
-0.37883091216759407,-0.3775251179667454,1.5008730189127186,0.3674653137149877,-0.9488027366709518,0.5487630271719461,0.869974474292758,1.0,0.0,3.0,0.0,0.0,0.0,1.0,0.0,0.0,0.0,0.0,4738303736
0.015200870551103566,-1.0895279742429687,0.949118349838462,0.3674653137149877,0.9789766752929961,-0.838327559340009,-1.4749702003507945,0.0,0.0,2.0,0.0,0.0,0.0,0.0,0.0,0.0,0.0,1.0,3308045756
1.6788906198078264,1.1634250703573243,-1.2077408110881775,0.3674653137149877,0.3084447059142316,1.5984532007485608,-0.8887340316899065,1.0,1.0,3.0,0.0,0.0,0.0,0.0,0.0,0.0,1.0,0.0,5286456713
1.2148087423835825,1.1155841484507514,0.44752319613459235,-0.8065452732338458,0.6018024425174411,-0.12603779869873477,1.456210642953646,1.0,1.0,1.0,1.0,0.0,1.0,0.0,0.0,0.0,0.0,0.0,2806113561
1.600084263264087,0.9321939478088869,-0.20455050368043817,0.9544706071894045,-0.9488027366709518,-0.2759935377811083,-0.3024978630290183,0.0,1.0,1.0,1.0,0.0,0.0,0.0,0.0,0.0,1.0,0.0,3825480255
-1.2194320486341486,-0.013107231345070096,0.5478422268753662,0.3674653137149877,-0.6135367519815695,-1.51312838521069,-1.4749702003507945,1.0,1.0,1.0,0.0,0.0,0.0,0.0,0.0,0.0,1.0,0.0,5927135901
-0.2825120319474677,-1.6715925241062768,-0.054071957569277296,-0.21953997975942907,-0.9068944885847791,-0.9133054288811958,1.456210642953646,0.0,1.0,1.0,1.0,0.0,0.0,0.0,0.0,0.0,1.0,0.0,5133996106
-1.5871950458382662,-1.3157387531345432,0.798639803727301,-1.3935505667082626,1.230426163810033,-0.4634382116340752,-0.3024978630290183,0.0,0.0,1.0,0.0,0.0,0.0,0.0,0.0,0.0,1.0,0.0,4503320513
-1.1844070012813754,-1.6969895567233464,-0.003912442198890332,0.9544706071894045,-0.5716285038953968,-1.1757279722753495,0.28373830563186986,0.0,1.0,2.0,0.0,0.0,0.0,0.0,0.0,0.0,1.0,0.0,8761329474
1.0046584582669438,-0.7215663156282136,-0.9569432342362426,0.3674653137149877,1.020884923379169,1.5984532007485608,-1.4749702003507945,1.0,0.0,2.0,1.0,0.0,0.0,0.0,0.0,0.0,0.0,1.0,8172300391
1.1710274331926163,-0.42595666853883196,-1.3582193571993384,-1.3935505667082626,1.2723344118962057,0.436296222860166,0.869974474292758,1.0,1.0,2.0,0.0,0.0,0.0,1.0,0.0,0.0,0.0,0.0,9804689207
0.5580891045190868,-1.2221241096506934,0.848799319097688,-0.21953997975942907,-1.2002522251879886,1.2235638530426272,-0.3024978630290183,1.0,1.0,3.0,1.0,0.0,0.0,0.0,0.0,1.0,0.0,0.0,5309042794
-0.5189311015786858,1.3302776683648176,0.9992778652088489,-0.21953997975942907,1.020884923379169,1.4859863964367808,-0.8887340316899065,1.0,0.0,1.0,0.0,0.0,0.0,1.0,0.0,0.0,0.0,0.0,1131137629
0.9346083635613975,1.1926611893002306,-1.1074217803474036,-1.3935505667082626,0.7275271867759594,-0.6508828854870421,-0.3024978630290183,1.0,1.0,2.0,1.0,0.0,0.0,0.0,0.0,0.0,0.0,1.0,1575716599
0.5756016281954738,-0.7014849410007631,-0.6559861420139208,-0.21953997975942907,0.6437106906036139,-1.4006615808989098,1.456210642953646,0.0,1.0,1.0,1.0,0.0,0.0,1.0,0.0,0.0,0.0,0.0,7623405048
-1.4033135472362075,0.22875520718260603,-0.1543909883100512,0.9544706071894045,-1.6193347060497163,-1.5506173199812834,1.456210642953646,0.0,0.0,2.0,0.0,0.0,0.0,0.0,0.0,0.0,0.0,1.0,832294949
-0.037336700478055755,1.2794836031306782,0.24688513465304449,-0.21953997975942907,-1.4517017137050252,-0.8008386245694157,-1.4749702003507945,1.0,0.0,2.0,1.0,0.0,0.0,1.0,0.0,0.0,0.0,0.0,883997265
-1.51714495113272,1.687017382334821,-1.5588574186808861,-0.8065452732338458,1.3142426599823784,-1.0632611679635693,-0.8887340316899065,0.0,0.0,1.0,0.0,0.0,1.0,0.0,0.0,0.0,0.0,0.0,3594368641
0.3129137730496749,-1.3671234470341964,-1.2077408110881775,0.9544706071894045,0.26653645782805885,-1.4756394504400965,0.28373830563186986,0.0,1.0,2.0,1.0,0.0,0.0,0.0,1.0,0.0,0.0,0.0,1015511207
1.4162027646620283,-1.5392917030313087,0.34720416539381843,-0.21953997975942907,1.1885179157238601,0.5112740924013528,0.869974474292758,1.0,0.0,2.0,0.0,0.0,0.0,0.0,1.0,0.0,0.0,0.0,7753237102
0.6719205084155994,1.3051759500805047,0.9992778652088489,0.9544706071894045,1.4818756523270695,1.411008526895594,-0.3024978630290183,0.0,0.0,2.0,0.0,1.0,0.0,0.0,0.0,0.0,0.0,0.0,4180644808
-1.2369445723105348,0.18061897094327628,1.1999159266903967,-1.3935505667082626,-1.4517017137050252,1.1485859835014403,-1.4749702003507945,0.0,0.0,3.0,0.0,1.0,0.0,0.0,0.0,0.0,0.0,0.0,7121429910
-0.15992436621276213,-0.9200175472406658,0.848799319097688,0.9544706071894045,-1.3678852175326797,0.4737851576307594,-0.3024978630290183,0.0,1.0,2.0,1.0,0.0,0.0,1.0,0.0,0.0,0.0,0.0,8429718798
-1.1668944776049885,0.5196398249478816,-1.5588574186808861,-1.3935505667082626,-0.529720255809224,-0.9133054288811958,-0.8887340316899065,0.0,1.0,1.0,1.0,1.0,0.0,0.0,0.0,0.0,0.0,0.0,7965014108
1.783965761866146,1.0760120278613634,1.0494373805792359,-1.3935505667082626,-0.9068944885847791,-1.1757279722753495,-0.3024978630290183,0.0,0.0,3.0,0.0,0.0,1.0,0.0,0.0,0.0,0.0,0.0,9478261126
-1.280725881501501,-0.3391342547083842,-0.8064646881250818,-1.3935505667082626,0.6018024425174411,0.023917940383638776,0.869974474292758,0.0,1.0,1.0,0.0,0.0,0.0,0.0,0.0,0.0,1.0,0.0,5079328402
-0.7903752185626779,-0.965495954485186,-1.2077408110881775,-0.21953997975942907,-0.6135367519815695,1.0736081139602536,-1.4749702003507945,0.0,1.0,1.0,0.0,0.0,0.0,0.0,0.0,0.0,1.0,0.0,1258095125
-0.019824176801669573,-0.8027777571362855,0.14656610391227057,-0.21953997975942907,-0.9068944885847791,-1.4381505156695031,1.456210642953646,0.0,0.0,3.0,1.0,1.0,0.0,0.0,0.0,0.0,0.0,0.0,1580195631
-1.1931632631195686,-0.21333034895406175,-0.8566242034954688,-1.3935505667082626,-1.5355182098773708,0.436296222860166,-0.3024978630290183,0.0,0.0,1.0,0.0,0.0,0.0,0.0,0.0,0.0,1.0,0.0,8824803629
0.30415751121148177,0.37847957389021475,-1.6090169340512732,1.5414759006638212,-1.2840687213603341,0.21136261423660568,-0.8887340316899065,1.0,0.0,2.0,1.0,0.0,0.0,0.0,0.0,0.0,1.0,0.0,2766242901
-1.7097827115729718,-1.6175500012118145,0.7484802883569142,-0.21953997975942907,-0.6554450000677423,-0.8008386245694157,0.28373830563186986,0.0,0.0,1.0,0.0,0.0,0.0,0.0,0.0,0.0,1.0,0.0,500684099
0.7244580794447594,-0.6486236754373272,1.6513515650238795,-1.3935505667082626,-1.6193347060497163,-0.9882832984223826,1.456210642953646,0.0,1.0,2.0,1.0,0.0,0.0,0.0,1.0,0.0,0.0,0.0,1901092818
0.30415751121148177,1.3423855560078393,0.0964065885418836,1.5414759006638212,0.9789766752929961,1.2235638530426272,-0.8887340316899065,0.0,0.0,2.0,0.0,0.0,0.0,0.0,0.0,0.0,1.0,0.0,1629001369
0.391720129593415,0.8521637636318417,1.3503944728015576,-0.21953997975942907,0.3922612020865772,1.3735195921250005,-0.3024978630290183,0.0,1.0,3.0,1.0,0.0,0.0,1.0,0.0,0.0,0.0,0.0,4162846622
-1.1231131684140223,1.4073547092142968,-0.9569432342362426,-1.3935505667082626,-0.4039955115507056,0.9611413096484733,-0.8887340316899065,0.0,0.0,1.0,1.0,0.0,0.0,0.0,1.0,0.0,0.0,0.0,4620293810
-0.4401247450349465,-1.7167756170180404,-1.5086979033104992,0.9544706071894045,0.9789766752929961,1.5984532007485608,0.869974474292758,1.0,1.0,2.0,1.0,0.0,0.0,0.0,1.0,0.0,0.0,0.0,601054867
-0.597737458122426,-1.3502905300670685,-1.4585383879401121,-0.21953997975942907,-1.5355182098773708,-1.51312838521069,0.28373830563186986,1.0,0.0,3.0,0.0,0.0,0.0,0.0,1.0,0.0,0.0,0.0,7321428705
-1.7097827115729718,0.6856064799571051,0.949118349838462,-1.3935505667082626,0.7275271867759594,-0.42594927686348183,1.456210642953646,1.0,1.0,3.0,1.0,0.0,0.0,0.0,1.0,0.0,0.0,0.0,6412357792
1.1885399568690025,1.3042900070822347,-0.7061456573843078,1.5414759006638212,0.8113436829483051,-0.08854886392814137,0.28373830563186986,1.0,0.0,1.0,0.0,0.0,0.0,1.0,0.0,0.0,0.0,0.0,3031691746
0.7594831267975326,-0.525182284345058,1.4005539881719447,1.5414759006638212,0.3084447059142316,-0.8758164941106025,0.28373830563186986,0.0,1.0,3.0,1.0,0.0,0.0,0.0,0.0,0.0,1.0,0.0,440582591
0.6894330320919863,1.3769373329403645,0.6481612576161402,-0.8065452732338458,1.565692148499415,1.0361191791896602,0.28373830563186986,0.0,0.0,1.0,1.0,0.0,0.0,0.0,1.0,0.0,0.0,0.0,3262462467
-0.5189311015786858,0.8176119866993165,1.3002349574311707,-1.3935505667082626,1.565692148499415,-0.5009271464046686,-1.4749702003507945,0.0,0.0,3.0,1.0,0.0,0.0,0.0,0.0,0.0,1.0,0.0,7439502308
-0.21246193724192144,0.5580306882062428,-1.5086979033104992,-0.8065452732338458,-0.2363625192060145,-1.2507058418165362,1.456210642953646,1.0,1.0,2.0,0.0,1.0,0.0,0.0,0.0,0.0,0.0,0.0,7445509876
1.10097733848707,-1.0230822493727278,1.1497564113200098,-1.3935505667082626,0.7275271867759594,-0.9507943636517892,-0.8887340316899065,1.0,0.0,1.0,0.0,0.0,0.0,0.0,1.0,0.0,0.0,0.0,4158426160
1.6613780961314395,-1.538405760033039,-1.1074217803474036,1.5414759006638212,-1.325976969446507,-0.42594927686348183,-0.8887340316899065,0.0,1.0,3.0,1.0,0.0,0.0,0.0,0.0,0.0,1.0,0.0,7216503342
0.4442577006225743,-1.1580408994425055,0.44752319613459235,1.5414759006638212,1.2723344118962057,1.1485859835014403,-0.3024978630290183,0.0,0.0,1.0,0.0,0.0,0.0,0.0,0.0,0.0,1.0,0.0,3153124424
-0.27375577010927465,-1.6190265728755975,-1.4585383879401121,-0.21953997975942907,-0.8649862404986062,1.523475331207374,0.28373830563186986,1.0,1.0,3.0,1.0,0.0,0.0,0.0,0.0,0.0,0.0,1.0,5459849570
-0.0636054859926358,-0.6211594424909611,-1.4585383879401121,0.9544706071894045,1.4818756523270695,0.6237408967131329,-1.4749702003507945,1.0,1.0,2.0,1.0,0.0,0.0,0.0,0.0,1.0,0.0,0.0,6933625281
0.3391825585642549,-1.3237122401189723,1.4005539881719447,0.3674653137149877,0.015086969311022177,0.5862519619425395,-0.8887340316899065,0.0,1.0,3.0,1.0,0.0,1.0,0.0,0.0,0.0,0.0,0.0,9724600664
0.1640573218003892,0.4844974193498433,0.6481612576161402,1.5414759006638212,-1.661242954135889,-1.025772233192976,-1.4749702003507945,0.0,1.0,1.0,0.0,0.0,0.0,0.0,0.0,0.0,1.0,0.0,7765198780
-1.1844070012813754,0.7966446690735963,-1.3582193571993384,-0.21953997975942907,-0.9488027366709518,-0.3134824725517017,1.456210642953646,1.0,1.0,2.0,0.0,0.0,0.0,1.0,0.0,0.0,0.0,0.0,1203876846
0.8558020070176581,0.26862264210475023,-1.0572622649770165,0.9544706071894045,-1.5355182098773708,1.5609642659779674,1.456210642953646,1.0,1.0,1.0,1.0,0.0,0.0,0.0,0.0,0.0,1.0,0.0,1287157737
1.4162027646620283,0.8341495893336875,0.19672561928265753,1.5414759006638212,1.565692148499415,1.111097048730847,-0.8887340316899065,0.0,0.0,1.0,1.0,0.0,0.0,0.0,0.0,0.0,1.0,0.0,7330959661
0.864558268855852,-1.6420610908306141,-0.5556671112731469,0.9544706071894045,-1.4517017137050252,0.9611413096484733,0.869974474292758,0.0,1.0,2.0,0.0,0.0,0.0,0.0,0.0,0.0,1.0,0.0,5574184578
0.4530139624607674,0.9165422881727857,1.6011920496534924,-0.8065452732338458,-1.4517017137050252,0.6987187662543197,0.28373830563186986,1.0,0.0,2.0,1.0,0.0,1.0,0.0,0.0,0.0,0.0,0.0,4185859049
-0.9917692408411228,-1.1134484351962552,0.6983207729865272,-1.3935505667082626,1.1885179157238601,0.5862519619425395,-1.4749702003507945,0.0,0.0,3.0,0.0,0.0,0.0,0.0,0.0,0.0,1.0,0.0,7987161808
-0.43136848319675336,-1.3863188786633767,-1.1575812957177904,0.9544706071894045,0.14081171356954053,-1.4006615808989098,-1.4749702003507945,0.0,1.0,1.0,0.0,0.0,0.0,0.0,0.0,0.0,1.0,0.0,5019380064
-0.6940563383425515,-1.5457886183519545,-0.9067837188658556,-1.3935505667082626,-0.8230779924124334,1.1485859835014403,-0.8887340316899065,1.0,0.0,2.0,1.0,0.0,0.0,0.0,0.0,0.0,1.0,0.0,2945660323
-0.4839060542259127,-0.7360367179332883,-0.1543909883100512,0.3674653137149877,0.5598941944312683,-0.013570994386954608,1.456210642953646,1.0,1.0,3.0,0.0,0.0,0.0,0.0,1.0,0.0,0.0,0.0,9091530997
-0.14241184253637518,-0.9967992737573883,0.4976827115049793,-0.21953997975942907,-0.11063777494749616,-1.700573059063657,-0.3024978630290183,0.0,1.0,1.0,1.0,0.0,0.0,0.0,0.0,0.0,1.0,0.0,1837842297
0.5405765808427007,0.4632347873913663,0.29704465002343144,0.3674653137149877,0.8951601791206506,1.5984532007485608,0.28373830563186986,1.0,1.0,3.0,1.0,0.0,0.0,0.0,1.0,0.0,0.0,0.0,1564351167
-0.9830129790029297,-0.9220847475699622,-0.5556671112731469,-0.21953997975942907,-0.6135367519815695,-0.7633496897988223,1.456210642953646,1.0,1.0,3.0,1.0,0.0,0.0,0.0,1.0,0.0,0.0,0.0,7187564770
0.15530105996219612,0.79191963974949,-1.0572622649770165,-0.8065452732338458,1.1047014195515146,1.523475331207374,0.28373830563186986,1.0,0.0,2.0,0.0,1.0,0.0,0.0,0.0,0.0,0.0,0.0,5836194312
-1.6747576642201987,-1.298019893169146,-0.003912442198890332,0.3674653137149877,-1.661242954135889,1.3360306573544072,0.869974474292758,0.0,1.0,1.0,0.0,0.0,1.0,0.0,0.0,0.0,0.0,0.0,4421902105
-0.6853000765043584,1.3323448686941144,1.6011920496534924,-1.3935505667082626,-1.1583439771018158,-1.1007501027341628,-0.3024978630290183,1.0,1.0,2.0,1.0,0.0,0.0,0.0,0.0,1.0,0.0,0.0,143290568
-1.4208260709125935,1.461692546441516,1.6011920496534924,-0.8065452732338458,-1.3678852175326797,1.5609642659779674,-1.4749702003507945,0.0,0.0,2.0,0.0,0.0,0.0,0.0,0.0,0.0,1.0,0.0,45901871
1.4074465028238345,0.3161682496785669,-0.50550759590276,-1.3935505667082626,0.9789766752929961,-1.2507058418165362,-0.3024978630290183,1.0,0.0,3.0,1.0,0.0,0.0,1.0,0.0,0.0,0.0,0.0,3954229433
0.5143077953281205,-1.4362270008992466,-1.2579003264585644,-0.8065452732338458,-0.7392614962400879,0.436296222860166,0.28373830563186986,1.0,1.0,3.0,0.0,0.0,1.0,0.0,0.0,0.0,0.0,0.0,4727959905
0.391720129593415,0.9395768061278025,-0.50550759590276,-0.21953997975942907,-1.6193347060497163,-0.8758164941106025,1.456210642953646,1.0,1.0,1.0,0.0,0.0,0.0,0.0,0.0,0.0,0.0,1.0,9990949903
-0.3875871740057871,-0.48708673541945335,-0.35502904979159905,-0.8065452732338458,-0.4878120077230512,0.2863404837777925,1.456210642953646,0.0,1.0,3.0,1.0,0.0,1.0,0.0,0.0,0.0,0.0,0.0,3402327860
0.9433646253995913,-1.5632121639845953,1.6011920496534924,1.5414759006638212,-0.9068944885847791,-1.51312838521069,-1.4749702003507945,1.0,1.0,2.0,0.0,1.0,0.0,0.0,0.0,0.0,0.0,0.0,8178682054
0.9170958398850113,0.5429696572356552,0.14656610391227057,-0.8065452732338458,0.9789766752929961,-1.025772233192976,1.456210642953646,1.0,0.0,1.0,1.0,1.0,0.0,0.0,0.0,0.0,0.0,0.0,6553421170
-0.5014185779022996,-1.1843238750578453,-0.003912442198890332,-1.3935505667082626,0.5179859463450955,0.8111855705660999,-0.3024978630290183,1.0,1.0,3.0,1.0,0.0,0.0,0.0,0.0,0.0,0.0,1.0,9137156480
-1.5784387840000722,0.925106403822728,1.8018301111350403,-0.8065452732338458,1.230426163810033,0.21136261423660568,-0.3024978630290183,1.0,1.0,2.0,0.0,0.0,0.0,0.0,0.0,0.0,0.0,1.0,8370737901
1.337396408118289,0.25090378213935294,0.848799319097688,-0.8065452732338458,0.26653645782805885,-0.2759935377811083,-1.4749702003507945,1.0,0.0,2.0,0.0,0.0,0.0,0.0,0.0,0.0,1.0,0.0,878377762
-1.508388689294526,-0.6261797861478238,-1.4083788725697253,1.5414759006638212,0.6437106906036139,-1.0632611679635693,1.456210642953646,1.0,0.0,2.0,1.0,1.0,0.0,0.0,0.0,0.0,0.0,0.0,2412609212
0.5055515334899275,-0.46139438846962705,-1.0572622649770165,-0.21953997975942907,1.1885179157238601,-0.538416081175262,0.28373830563186986,1.0,1.0,2.0,0.0,0.0,0.0,0.0,1.0,0.0,0.0,0.0,6677812921
-1.0968443828994423,-1.2206475379869102,-0.10423147293966425,0.3674653137149877,1.0627931714653418,0.9611413096484733,-1.4749702003507945,0.0,1.0,2.0,0.0,0.0,0.0,0.0,1.0,0.0,0.0,0.0,7872730051
-0.4751497923877196,0.5107803949651829,-1.0572622649770165,1.5414759006638212,1.5237839004132423,-1.2507058418165362,0.869974474292758,0.0,1.0,1.0,1.0,1.0,0.0,0.0,0.0,0.0,0.0,0.0,8652895845
-1.3770447617216273,-1.034894822682993,0.5980017422457532,-1.3935505667082626,-1.3678852175326797,-0.38846034209288843,-0.3024978630290183,1.0,0.0,2.0,0.0,1.0,0.0,0.0,0.0,0.0,0.0,0.0,6942379354
0.6631642465774062,-0.03643706363284346,-0.003912442198890332,-0.8065452732338458,-1.5355182098773708,-0.9133054288811958,0.869974474292758,0.0,0.0,2.0,0.0,0.0,1.0,0.0,0.0,0.0,0.0,0.0,5126793545
0.08525096525664984,0.169692340631281,-0.9569432342362426,1.5414759006638212,-0.6554450000677423,-1.700573059063657,-0.3024978630290183,1.0,0.0,2.0,0.0,1.0,0.0,0.0,0.0,0.0,0.0,0.0,6583454281
-1.534657474809106,0.32916208031985833,0.39736368076420536,0.9544706071894045,-0.6135367519815695,-0.7258607550282289,1.456210642953646,0.0,0.0,3.0,0.0,0.0,0.0,0.0,0.0,1.0,0.0,0.0,4864431002
0.8733145306940451,0.8350355323319575,1.5510325342831055,-1.3935505667082626,-0.9488027366709518,0.9986302444190668,-1.4749702003507945,0.0,1.0,2.0,1.0,1.0,0.0,0.0,0.0,0.0,0.0,0.0,495366333
-0.6240062436370052,-1.0865748309154024,1.6513515650238795,-0.8065452732338458,-1.5355182098773708,-0.42594927686348183,-0.8887340316899065,0.0,1.0,3.0,0.0,0.0,0.0,0.0,1.0,0.0,0.0,0.0,137277584
-0.028580438639862663,-0.08811707186525286,-0.3048695344212121,-0.8065452732338458,0.6018024425174411,-1.2881947765871296,0.869974474292758,0.0,0.0,1.0,0.0,0.0,0.0,0.0,0.0,0.0,1.0,0.0,3586619535
-0.6240062436370052,-1.0213103633761882,-0.5556671112731469,-0.21953997975942907,-0.6554450000677423,-0.7258607550282289,-1.4749702003507945,1.0,0.0,2.0,0.0,0.0,1.0,0.0,0.0,0.0,0.0,0.0,6238353188
-0.2387307227565015,0.009927286609946698,0.5980017422457532,0.9544706071894045,-1.1164357290156428,0.8486745053366932,1.456210642953646,0.0,1.0,2.0,1.0,0.0,0.0,0.0,0.0,0.0,1.0,0.0,2908822326
-0.3875871740057871,0.7523475191601026,0.19672561928265753,0.3674653137149877,0.6018024425174411,-0.8008386245694157,1.456210642953646,1.0,0.0,2.0,0.0,0.0,0.0,1.0,0.0,0.0,0.0,0.0,7764202316
-0.4576372687113334,0.7730195224530659,1.5008730189127186,0.9544706071894045,-0.2782707672921873,-0.6883718202576355,-1.4749702003507945,1.0,0.0,1.0,0.0,0.0,0.0,0.0,0.0,0.0,0.0,1.0,9652668783
-0.6590312909897784,0.0692854674940283,-1.65917644942166,-1.3935505667082626,-0.2363625192060145,-0.6883718202576355,-0.8887340316899065,1.0,1.0,3.0,0.0,0.0,0.0,1.0,0.0,0.0,0.0,0.0,3336022248
1.7489407145133729,0.5766354911699104,-0.25471001905082513,-0.21953997975942907,-0.4459037596368784,0.3238294185483859,-0.3024978630290183,0.0,0.0,1.0,1.0,0.0,0.0,0.0,1.0,0.0,0.0,0.0,7862215585
1.547546692234927,0.6655251053296544,1.2500754420607838,-1.3935505667082626,1.020884923379169,0.06140687515423216,1.456210642953646,1.0,1.0,2.0,0.0,0.0,0.0,0.0,1.0,0.0,0.0,0.0,7879440963
-1.1406256920904085,-0.7345601462695053,1.7516705957646534,0.9544706071894045,-1.1583439771018158,-1.025772233192976,0.28373830563186986,1.0,1.0,1.0,0.0,0.0,0.0,1.0,0.0,0.0,0.0,0.0,1288085022
1.2148087423835825,0.30346973337003225,-0.9569432342362426,-0.21953997975942907,1.3142426599823784,-1.700573059063657,0.869974474292758,0.0,1.0,2.0,1.0,0.0,0.0,0.0,1.0,0.0,0.0,0.0,7972535305
0.64565172290102,-0.967858469147239,0.7484802883569142,0.3674653137149877,1.0627931714653418,0.8861634401072866,1.456210642953646,0.0,1.0,3.0,1.0,0.0,1.0,0.0,0.0,0.0,0.0,0.0,7794588828
1.07470855297249,-1.2109021650059415,0.5478422268753662,-0.21953997975942907,0.7694354348621323,-0.6133939507164488,1.456210642953646,1.0,1.0,3.0,0.0,0.0,0.0,0.0,0.0,0.0,0.0,1.0,3595382413
0.26037620202051553,1.4935864943792314,1.7516705957646534,1.5414759006638212,1.5237839004132423,-1.0632611679635693,1.456210642953646,1.0,0.0,2.0,1.0,1.0,0.0,0.0,0.0,0.0,0.0,0.0,161255202
1.6701343579696335,1.1008184318129202,-0.9067837188658556,-1.3935505667082626,-0.3201790153783601,-1.025772233192976,1.456210642953646,1.0,0.0,3.0,0.0,1.0,0.0,0.0,0.0,0.0,0.0,0.0,4582391914
0.7857519123121118,0.7972352977391094,-1.65917644942166,0.3674653137149877,-0.6135367519815695,1.2610527878132205,1.456210642953646,1.0,1.0,1.0,1.0,0.0,0.0,1.0,0.0,0.0,0.0,0.0,4691470787
-0.5889811962842321,0.8335589606681744,-0.6559861420139208,1.5414759006638212,0.6018024425174411,-0.20101566823992154,-1.4749702003507945,0.0,1.0,2.0,0.0,0.0,0.0,0.0,0.0,1.0,0.0,0.0,2005010352
-1.2894821433396941,-1.5844747959430725,1.5510325342831055,1.5414759006638212,0.1827199616557133,-1.025772233192976,0.28373830563186986,0.0,1.0,1.0,1.0,0.0,0.0,0.0,1.0,0.0,0.0,0.0,6316580880
-0.6765438146661653,0.19892845957418673,1.4005539881719447,1.5414759006638212,-1.07452748092947,1.5984532007485608,1.456210642953646,0.0,0.0,3.0,0.0,1.0,0.0,0.0,0.0,0.0,0.0,0.0,708627602
-0.9479879316501566,-0.9714022411403185,1.1999159266903967,0.3674653137149877,0.6437106906036139,0.3238294185483859,-1.4749702003507945,0.0,0.0,2.0,0.0,0.0,1.0,0.0,0.0,0.0,0.0,0.0,4189048849
1.0046584582669438,-1.0871654595809157,0.7484802883569142,-1.3935505667082626,0.05699521739719496,-0.08854886392814137,0.869974474292758,0.0,1.0,3.0,0.0,1.0,0.0,0.0,0.0,0.0,0.0,0.0,3309508317
0.838289483341272,1.2679663441531699,1.8018301111350403,0.9544706071894045,-0.9068944885847791,0.6237408967131329,0.869974474292758,0.0,0.0,3.0,1.0,0.0,1.0,0.0,0.0,0.0,0.0,0.0,327898224
0.9959021964287507,0.6377655580505317,-0.40518856516198604,-0.8065452732338458,-1.493609961791198,0.3613183533189792,1.456210642953646,0.0,1.0,2.0,0.0,0.0,1.0,0.0,0.0,0.0,0.0,0.0,2803296382
1.12724612400165,-0.8137043874482808,1.4005539881719447,-0.8065452732338458,-1.2421604732741613,0.17387367946601232,-0.3024978630290183,0.0,1.0,1.0,1.0,0.0,0.0,0.0,0.0,0.0,1.0,0.0,3347456619
-0.08987427150721584,-0.3722094599771262,-1.1575812957177904,-0.8065452732338458,0.9370684272068234,-1.4756394504400965,1.456210642953646,1.0,0.0,2.0,0.0,0.0,0.0,0.0,0.0,1.0,0.0,0.0,3880867806
-0.3875871740057871,-0.4395411278456367,0.5478422268753662,-0.21953997975942907,-0.06872952686132339,1.411008526895594,-0.3024978630290183,1.0,0.0,1.0,1.0,0.0,0.0,0.0,0.0,1.0,0.0,0.0,634427022
1.2148087423835825,0.04270717754593207,0.24688513465304449,-0.8065452732338458,1.4399674042408968,0.6237408967131329,-0.8887340316899065,0.0,0.0,2.0,0.0,0.0,0.0,0.0,0.0,0.0,1.0,0.0,5127672115
-0.9655004553265435,1.3801857906006874,-1.0071027496066296,1.5414759006638212,-0.4039955115507056,-0.16352673346932814,-1.4749702003507945,0.0,1.0,2.0,0.0,0.0,0.0,1.0,0.0,0.0,0.0,0.0,9182202240
1.1360023858398431,0.7529381478256156,-0.1543909883100512,0.3674653137149877,0.14081171356954053,-0.838327559340009,-0.3024978630290183,0.0,0.0,2.0,1.0,0.0,0.0,1.0,0.0,0.0,0.0,0.0,9099497706
-1.3945572853980135,-0.19472554599039452,1.8018301111350403,0.9544706071894045,-0.19445427111984173,-0.013570994386954608,-0.8887340316899065,1.0,0.0,2.0,0.0,0.0,0.0,1.0,0.0,0.0,0.0,0.0,8237735578
-0.7991314804008709,-0.10494998883238049,0.04624707317149663,0.3674653137149877,1.020884923379169,-0.05105992915754799,-1.4749702003507945,0.0,1.0,3.0,0.0,0.0,0.0,0.0,1.0,0.0,0.0,0.0,5534356705
0.8733145306940451,-0.514255654033063,-1.0572622649770165,0.3674653137149877,1.0627931714653418,-0.8008386245694157,-1.4749702003507945,1.0,0.0,2.0,0.0,0.0,0.0,0.0,0.0,0.0,1.0,0.0,1010697007
1.2936150989273218,0.506055365641077,-0.6559861420139208,0.3674653137149877,1.6495086446717606,-1.5506173199812834,-0.8887340316899065,0.0,0.0,1.0,0.0,0.0,0.0,1.0,0.0,0.0,0.0,0.0,7066226144
1.3286401462800952,1.3893405349161427,-0.40518856516198604,-1.3935505667082626,0.22462820974188608,-0.20101566823992154,1.456210642953646,1.0,0.0,2.0,0.0,0.0,0.0,0.0,0.0,0.0,1.0,0.0,3216882456
-0.20370567540372836,1.403220308555704,-1.0572622649770165,-1.3935505667082626,-1.2002522251879886,0.17387367946601232,-0.8887340316899065,1.0,0.0,3.0,0.0,0.0,0.0,0.0,0.0,0.0,0.0,1.0,4471899039
0.6281391992246331,0.2866368164029044,-0.50550759590276,0.9544706071894045,-0.15254602303366896,-1.5881062547518767,-0.3024978630290183,0.0,0.0,3.0,0.0,0.0,0.0,0.0,0.0,0.0,1.0,0.0,8586741035
1.2936150989273218,-1.3647609323721432,1.4005539881719447,-1.3935505667082626,0.6437106906036139,1.111097048730847,-0.3024978630290183,1.0,1.0,2.0,0.0,0.0,0.0,0.0,0.0,0.0,1.0,0.0,3301937657
0.18156984547677618,-0.9920742444332824,-0.9569432342362426,1.5414759006638212,-0.5716285038953968,0.8861634401072866,-0.8887340316899065,0.0,0.0,2.0,0.0,0.0,0.0,0.0,0.0,0.0,0.0,1.0,6837100418
0.29540124937328865,-1.015994705386569,-0.6058266266435339,0.9544706071894045,0.3084447059142316,0.4737851576307594,0.28373830563186986,0.0,0.0,1.0,0.0,0.0,1.0,0.0,0.0,0.0,0.0,0.0,2504373260
-0.09863053334540894,-1.4143737402752563,-0.25471001905082513,0.9544706071894045,-0.19445427111984173,0.8861634401072866,0.28373830563186986,1.0,0.0,3.0,1.0,0.0,0.0,0.0,0.0,1.0,0.0,0.0,7448637771
0.8995833162086251,0.5556681735441898,-0.8566242034954688,-0.21953997975942907,-1.1583439771018158,0.5862519619425395,-1.4749702003507945,1.0,0.0,1.0,1.0,0.0,0.0,0.0,1.0,0.0,0.0,0.0,3376631612
1.5563029540731208,-1.479047579148957,-1.5588574186808861,-1.3935505667082626,-0.19445427111984173,-1.1757279722753495,-0.8887340316899065,1.0,0.0,1.0,0.0,0.0,1.0,0.0,0.0,0.0,0.0,0.0,1299940561
-0.7553501712099047,-1.2351179402919847,-0.3048695344212121,-0.8065452732338458,-1.1583439771018158,0.8486745053366932,-1.4749702003507945,1.0,1.0,2.0,1.0,0.0,1.0,0.0,0.0,0.0,0.0,0.0,3991892100
0.6719205084155994,-1.343793614746423,1.7516705957646534,1.5414759006638212,-1.5774264579635435,0.13638474469541892,0.869974474292758,0.0,1.0,3.0,1.0,0.0,0.0,0.0,1.0,0.0,0.0,0.0,2336217501
0.7682393886357256,0.8932124558850125,-0.9569432342362426,0.9544706071894045,0.26653645782805885,0.6237408967131329,1.456210642953646,1.0,0.0,2.0,1.0,0.0,0.0,0.0,0.0,1.0,0.0,0.0,8302347206
0.33042629672606183,0.6625719620020882,-0.6058266266435339,-0.8065452732338458,1.6076003965855878,0.06140687515423216,-1.4749702003507945,1.0,1.0,1.0,0.0,0.0,0.0,0.0,0.0,0.0,1.0,0.0,5872087982
-0.4226122213585603,1.0515009382425637,-0.50550759590276,0.9544706071894045,-0.3201790153783601,-0.42594927686348183,0.869974474292758,0.0,0.0,1.0,1.0,0.0,0.0,0.0,0.0,0.0,1.0,0.0,6017770377
1.565059215911314,-0.9737647558023714,1.0494373805792359,-1.3935505667082626,0.3922612020865772,0.4737851576307594,1.456210642953646,0.0,1.0,2.0,0.0,0.0,0.0,0.0,0.0,0.0,0.0,1.0,9913457275
-0.7378376475335178,1.003069387670477,0.19672561928265753,0.9544706071894045,1.398059156154724,-0.013570994386954608,0.28373830563186986,1.0,1.0,3.0,0.0,1.0,0.0,0.0,0.0,0.0,0.0,0.0,1589106054
-0.14241184253637518,1.4103078525418633,0.39736368076420536,-0.8065452732338458,-1.6193347060497163,0.9986302444190668,-1.4749702003507945,0.0,0.0,2.0,0.0,0.0,1.0,0.0,0.0,0.0,0.0,0.0,7503562618
1.4512278120148014,1.1146982054524814,0.5478422268753662,-1.3935505667082626,-0.5716285038953968,0.24885154900719908,0.869974474292758,1.0,0.0,2.0,1.0,0.0,0.0,0.0,0.0,0.0,0.0,1.0,5682745668
-0.7115688620189384,1.239616168208534,0.34720416539381843,1.5414759006638212,1.0627931714653418,1.523475331207374,-0.8887340316899065,0.0,1.0,3.0,1.0,0.0,0.0,1.0,0.0,0.0,0.0,0.0,5671476381
-1.6660014023820056,-0.7251100876212933,0.04624707317149663,0.3674653137149877,-0.7811697443262606,0.023917940383638776,-1.4749702003507945,1.0,0.0,3.0,1.0,0.0,0.0,0.0,0.0,1.0,0.0,0.0,7181082319
1.5563029540731208,-0.05386060926548423,0.898958834468075,1.5414759006638212,-0.06872952686132339,1.3735195921250005,0.869974474292758,0.0,1.0,2.0,1.0,1.0,0.0,0.0,0.0,0.0,0.0,0.0,5154553485
-0.6152499817988122,0.7730195224530659,0.24688513465304449,-0.8065452732338458,-1.07452748092947,-0.4634382116340752,-0.3024978630290183,1.0,1.0,3.0,1.0,0.0,0.0,0.0,1.0,0.0,0.0,0.0,6375134714
-0.11614305702179512,0.646329673700474,0.44752319613459235,0.3674653137149877,-1.5355182098773708,-0.5759050159458554,0.869974474292758,0.0,1.0,2.0,0.0,0.0,1.0,0.0,0.0,0.0,0.0,0.0,5668969437
-1.7097827115729718,0.46500667338790613,-1.4083788725697253,-1.3935505667082626,0.9789766752929961,-0.3134824725517017,1.456210642953646,0.0,1.0,2.0,1.0,0.0,0.0,0.0,0.0,0.0,1.0,0.0,3598678713
-0.1949494135655345,0.34629031161974294,0.0964065885418836,0.3674653137149877,0.14081171356954053,-0.9133054288811958,-0.3024978630290183,0.0,0.0,2.0,1.0,0.0,0.0,0.0,0.0,0.0,0.0,1.0,5667670983
1.512521644882154,0.5840183494888261,1.4005539881719447,1.5414759006638212,1.398059156154724,0.92365237487788,-1.4749702003507945,1.0,0.0,3.0,1.0,1.0,0.0,0.0,0.0,0.0,0.0,0.0,3685613017
-1.2632133578251148,-1.2469305136022497,1.1497564113200098,-1.3935505667082626,0.14081171356954053,0.8861634401072866,0.28373830563186986,1.0,1.0,2.0,1.0,0.0,0.0,0.0,1.0,0.0,0.0,0.0,9718989043
-1.044306811870283,-1.287683891522664,1.5510325342831055,-0.21953997975942907,1.6495086446717606,-0.5009271464046686,-0.3024978630290183,1.0,1.0,3.0,1.0,0.0,0.0,0.0,0.0,1.0,0.0,0.0,936502663
-0.8604253132682241,0.23613806550152167,-1.2579003264585644,0.9544706071894045,-0.4878120077230512,0.3613183533189792,-1.4749702003507945,1.0,1.0,2.0,1.0,0.0,0.0,1.0,0.0,0.0,0.0,0.0,6246067989
-0.807887742239064,-0.7614337505503581,0.14656610391227057,0.9544706071894045,0.6018024425174411,0.7736966357955064,0.28373830563186986,1.0,0.0,3.0,1.0,0.0,1.0,0.0,0.0,0.0,0.0,0.0,7323867012
-0.4226122213585603,-1.536043245370986,0.6983207729865272,0.3674653137149877,-1.6193347060497163,1.2235638530426272,1.456210642953646,1.0,0.0,2.0,0.0,0.0,0.0,0.0,0.0,0.0,1.0,0.0,6192699919
-0.5101748397404927,-1.130281352163383,0.39736368076420536,0.3674653137149877,0.8113436829483051,-0.2385046030105149,-0.3024978630290183,0.0,1.0,1.0,1.0,0.0,0.0,0.0,0.0,1.0,0.0,0.0,2165533552
-0.9129628842973835,-1.4238237989234683,1.2500754420607838,-0.21953997975942907,-1.4097934656188524,1.3735195921250005,0.28373830563186986,1.0,1.0,3.0,0.0,0.0,0.0,0.0,0.0,0.0,0.0,1.0,2091746779
0.18156984547677618,1.2109706779311413,1.099596895949623,0.9544706071894045,-0.529720255809224,-1.6630841242930634,-0.3024978630290183,0.0,0.0,1.0,0.0,0.0,0.0,1.0,0.0,0.0,0.0,0.0,5260914897
-1.1668944776049885,1.3896358492488996,0.6481612576161402,-0.21953997975942907,1.1047014195515146,1.0736081139602536,0.28373830563186986,1.0,0.0,2.0,0.0,1.0,0.0,0.0,0.0,0.0,0.0,0.0,3732661850
1.3986902409856414,0.7352192878602178,-1.2077408110881775,0.9544706071894045,0.9789766752929961,-0.9882832984223826,-0.3024978630290183,1.0,0.0,3.0,0.0,0.0,1.0,0.0,0.0,0.0,0.0,0.0,6220746202
0.08525096525664984,1.3784139046041475,0.4976827115049793,0.9544706071894045,1.3142426599823784,0.8486745053366932,0.28373830563186986,0.0,1.0,2.0,1.0,0.0,0.0,0.0,0.0,0.0,1.0,0.0,6222326125
1.0309272437815238,-0.7375132895970714,0.5980017422457532,0.9544706071894045,-0.15254602303366896,1.3735195921250005,-1.4749702003507945,0.0,0.0,2.0,0.0,0.0,0.0,0.0,0.0,1.0,0.0,0.0,6895330779
-0.8604253132682241,0.4357705544450004,-0.054071957569277296,-0.21953997975942907,-1.1583439771018158,1.2235638530426272,1.456210642953646,1.0,0.0,3.0,1.0,0.0,1.0,0.0,0.0,0.0,0.0,0.0,6443949084
1.284858837089129,-1.3544249307256613,0.898958834468075,0.3674653137149877,1.1047014195515146,0.6612298314837263,-0.3024978630290183,0.0,1.0,2.0,0.0,0.0,0.0,0.0,0.0,0.0,0.0,1.0,6337018362
0.7857519123121118,-1.6733644101028164,0.6983207729865272,-1.3935505667082626,0.22462820974188608,0.3238294185483859,0.869974474292758,1.0,0.0,1.0,1.0,0.0,1.0,0.0,0.0,0.0,0.0,0.0,8732356122
-0.9217191461355765,0.3019931617062492,-0.25471001905082513,-1.3935505667082626,0.47607769825892277,-1.51312838521069,0.869974474292758,1.0,0.0,3.0,1.0,1.0,0.0,0.0,0.0,0.0,0.0,0.0,1185110649
0.6631642465774062,0.849505934637032,-1.0071027496066296,-0.21953997975942907,-0.529720255809224,-1.4756394504400965,-0.3024978630290183,0.0,0.0,1.0,0.0,0.0,0.0,0.0,0.0,0.0,0.0,1.0,9243709635
1.1797836950308094,1.5659385059046047,-1.5588574186808861,-0.8065452732338458,0.3084447059142316,1.4484974616661874,-1.4749702003507945,1.0,0.0,3.0,1.0,0.0,0.0,0.0,1.0,0.0,0.0,0.0,8862469455
0.04146965606568361,0.41214540782447007,1.7516705957646534,-0.21953997975942907,1.1466096676376873,1.3360306573544072,1.456210642953646,1.0,0.0,1.0,1.0,0.0,0.0,0.0,0.0,1.0,0.0,0.0,6856221824
1.6788906198078264,1.3243713817096852,0.5980017422457532,-1.3935505667082626,1.3142426599823784,0.436296222860166,-1.4749702003507945,0.0,1.0,3.0,0.0,0.0,0.0,1.0,0.0,0.0,0.0,0.0,15806902
-1.3245071906924673,1.4611019177760027,-0.054071957569277296,1.5414759006638212,-0.4878120077230512,1.4484974616661874,0.869974474292758,1.0,0.0,3.0,1.0,0.0,0.0,0.0,1.0,0.0,0.0,0.0,2252879983
-0.4839060542259127,-0.9288769772233646,-0.7061456573843078,-0.21953997975942907,-0.11063777494749616,0.92365237487788,-0.8887340316899065,0.0,1.0,1.0,1.0,0.0,0.0,0.0,1.0,0.0,0.0,0.0,3705535131
1.3724214554710614,1.2626506861635507,-1.1074217803474036,0.9544706071894045,-0.6554450000677423,1.4484974616661874,-0.3024978630290183,0.0,0.0,1.0,0.0,0.0,1.0,0.0,0.0,0.0,0.0,0.0,4983506831
-0.2912682937856608,-1.3559015023894443,0.5478422268753662,-0.21953997975942907,-1.5355182098773708,1.2235638530426272,1.456210642953646,0.0,1.0,1.0,0.0,0.0,0.0,1.0,0.0,0.0,0.0,0.0,7228870820
0.7244580794447594,-0.3710282026460997,1.7015110803942664,0.9544706071894045,-1.6193347060497163,-0.4634382116340752,0.28373830563186986,0.0,1.0,1.0,0.0,0.0,0.0,0.0,0.0,1.0,0.0,0.0,6631454658
0.13778853628580995,1.336479269352707,1.4507135035423315,0.3674653137149877,-1.4097934656188524,-0.8758164941106025,-1.4749702003507945,0.0,1.0,2.0,0.0,0.0,0.0,0.0,0.0,0.0,1.0,0.0,7795096027
0.5493328426808938,-1.4967664391143547,1.6513515650238795,-1.3935505667082626,-0.3201790153783601,-0.7258607550282289,1.456210642953646,0.0,0.0,2.0,0.0,0.0,0.0,0.0,1.0,0.0,0.0,0.0,6304179744
-0.7816189567244848,-0.1985646323162305,-1.3080598418289513,-0.21953997975942907,0.8532519310344778,0.92365237487788,-1.4749702003507945,1.0,1.0,1.0,0.0,0.0,0.0,0.0,0.0,1.0,0.0,0.0,6357041688
-0.10738679518360203,-1.0762388292689204,0.0964065885418836,-1.3935505667082626,0.09890346548336774,0.5112740924013528,1.456210642953646,1.0,1.0,1.0,1.0,0.0,0.0,0.0,1.0,0.0,0.0,0.0,3232873872
0.15530105996219612,1.2151050785897337,0.949118349838462,1.5414759006638212,-0.06872952686132339,0.9986302444190668,-0.3024978630290183,1.0,1.0,2.0,0.0,1.0,0.0,0.0,0.0,0.0,0.0,0.0,7084121050
1.1097336003252631,-0.2567415558692858,1.4005539881719447,-0.21953997975942907,1.3561509080685512,0.9986302444190668,0.28373830563186986,0.0,1.0,1.0,0.0,0.0,0.0,0.0,0.0,0.0,0.0,1.0,8395156144
